x B1 B2 B3 B4 B5 B6 B7 B8 knots
0 0.16667 0.66667 0.16667 0 0 0 0 0 -0.6
0.001001 0.16418 0.66664 0.16918 2.0896e-08 0 0 0 0 -0.4
0.002002 0.16171 0.66657 0.17172 1.6717e-07 0 0 0 0 -0.2
0.003003 0.15927 0.66644 0.17429 5.6419e-07 0 0 0 0 0
0.004004 0.15686 0.66627 0.17687 1.3373e-06 0 0 0 0 0.2
0.005005 0.15446 0.66605 0.17948 2.612e-06 0 0 0 0 0.4
0.006006 0.1521 0.66578 0.18212 4.5135e-06 0 0 0 0 0.6
0.007007 0.14976 0.66546 0.18478 7.1673e-06 0 0 0 0 0.8
0.008008 0.14744 0.6651 0.18746 1.0699e-05 0 0 0 0 1
0.009009 0.14514 0.66468 0.19016 1.5233e-05 0 0 0 0 1.2
0.01001 0.14287 0.66422 0.19288 2.0896e-05 0 0 0 0 1.4
0.011011 0.14063 0.66372 0.19563 2.7813e-05 0 0 0 0 1.6
0.012012 0.1384 0.66317 0.19839 3.6108e-05 0 0 0 0 0
0.013013 0.1362 0.66257 0.20118 4.5908e-05 0 0 0 0 0
0.014014 0.13403 0.66193 0.20398 5.7339e-05 0 0 0 0 0
0.015015 0.13188 0.66124 0.20681 7.0524e-05 0 0 0 0 0
0.016016 0.12975 0.66051 0.20966 8.559e-05 0 0 0 0 0
0.017017 0.12764 0.65974 0.21252 0.00010266 0 0 0 0 0
0.018018 0.12556 0.65892 0.2154 0.00012187 0 0 0 0 0
0.019019 0.1235 0.65805 0.21831 0.00014333 0 0 0 0 0
0.02002 0.12146 0.65715 0.22123 0.00016717 0 0 0 0 0
0.021021 0.11944 0.6562 0.22416 0.00019352 0 0 0 0 0
0.022022 0.11745 0.65521 0.22712 0.0002225 0 0 0 0 0
0.023023 0.11548 0.65418 0.23009 0.00025424 0 0 0 0 0
0.024024 0.11353 0.6531 0.23307 0.00028887 0 0 0 0 0
0.025025 0.11161 0.65199 0.23608 0.0003265 0 0 0 0 0
0.026026 0.1097 0.65083 0.2391 0.00036727 0 0 0 0 0
0.027027 0.10782 0.64964 0.24213 0.0004113 0 0 0 0 0
0.028028 0.10596 0.6484 0.24518 0.00045871 0 0 0 0 0
0.029029 0.10412 0.64713 0.24824 0.00050963 0 0 0 0 0
0.03003 0.1023 0.64581 0.25132 0.00056419 0 0 0 0 0
0.031031 0.1005 0.64446 0.25441 0.00062251 0 0 0 0 0
0.032032 0.098728 0.64307 0.25752 0.00068472 0 0 0 0 0
0.033033 0.096973 0.64164 0.26064 0.00075094 0 0 0 0 0
0.034034 0.095239 0.64017 0.26377 0.00082129 0 0 0 0 0
0.035035 0.093526 0.63867 0.26691 0.00089591 0 0 0 0 0
0.036036 0.091834 0.63713 0.27006 0.00097492 0 0 0 0 0
0.037037 0.090162 0.63555 0.27323 0.0010584 0 0 0 0 0
0.038038 0.088511 0.63393 0.27641 0.0011466 0 0 0 0 0
0.039039 0.08688 0.63228 0.2796 0.0012395 0 0 0 0 0
0.04004 0.085269 0.6306 0.28279 0.0013373 0 0 0 0 0
0.041041 0.083678 0.62888 0.286 0.0014402 0 0 0 0 0
0.042042 0.082108 0.62712 0.28922 0.0015481 0 0 0 0 0
0.043043 0.080556 0.62533 0.29245 0.0016614 0 0 0 0 0
0.044044 0.079025 0.62351 0.29569 0.00178 0 0 0 0 0
0.045045 0.077513 0.62165 0.29893 0.0019041 0 0 0 0 0
0.046046 0.076021 0.61976 0.30218 0.0020339 0 0 0 0 0
0.047047 0.074547 0.61784 0.30544 0.0021695 0 0 0 0 0
0.048048 0.073093 0.61588 0.30871 0.0023109 0 0 0 0 0
0.049049 0.071658 0.6139 0.31199 0.0024584 0 0 0 0 0
0.05005 0.070242 0.61188 0.31527 0.002612 0 0 0 0 0
0.051051 0.068845 0.60983 0.31856 0.0027719 0 0 0 0 0
0.052052 0.067466 0.60775 0.32185 0.0029381 0 0 0 0 0
0.053053 0.066106 0.60563 0.32515 0.0031109 0 0 0 0 0
0.054054 0.064764 0.60349 0.32845 0.0032904 0 0 0 0 0
0.055055 0.063441 0.60132 0.33176 0.0034766 0 0 0 0 0
0.056056 0.062135 0.59912 0.33508 0.0036697 0 0 0 0 0
0.057057 0.060848 0.59689 0.33839 0.0038698 0 0 0 0 0
0.058058 0.059579 0.59463 0.34171 0.0040771 0 0 0 0 0
0.059059 0.058327 0.59234 0.34504 0.0042916 0 0 0 0 0
0.06006 0.057093 0.59003 0.34837 0.0045135 0 0 0 0 0
0.061061 0.055877 0.58768 0.3517 0.004743 0 0 0 0 0
0.062062 0.054678 0.58531 0.35503 0.0049801 0 0 0 0 0
0.063063 0.053496 0.58292 0.35836 0.005225 0 0 0 0 0
0.064064 0.052331 0.58049 0.3617 0.0054778 0 0 0 0 0
0.065065 0.051184 0.57805 0.36503 0.0057386 0 0 0 0 0
0.066066 0.050053 0.57557 0.36837 0.0060075 0 0 0 0 0
0.067067 0.048939 0.57307 0.37171 0.0062847 0 0 0 0 0
0.068068 0.047842 0.57055 0.37504 0.0065704 0 0 0 0 0
0.069069 0.046761 0.568 0.37838 0.0068645 0 0 0 0 0
0.07007 0.045697 0.56542 0.38171 0.0071673 0 0 0 0 0
0.071071 0.044649 0.56283 0.38505 0.0074789 0 0 0 0 0
0.072072 0.043617 0.56021 0.38838 0.0077994 0 0 0 0 0
0.073073 0.042601 0.55756 0.39171 0.0081289 0 0 0 0 0
0.074074 0.041601 0.5549 0.39504 0.0084675 0 0 0 0 0
0.075075 0.040617 0.55221 0.39836 0.0088155 0 0 0 0 0
0.076076 0.039648 0.5495 0.40168 0.0091728 0 0 0 0 0
0.077077 0.038695 0.54676 0.405 0.0095397 0 0 0 0 0
0.078078 0.037758 0.54401 0.40832 0.0099162 0 0 0 0 0
0.079079 0.036835 0.54124 0.41163 0.010303 0 0 0 0 0
0.08008 0.035928 0.53844 0.41493 0.010699 0 0 0 0 0
0.081081 0.035036 0.53563 0.41823 0.011105 0 0 0 0 0
0.082082 0.034158 0.53279 0.42153 0.011521 0 0 0 0 0
0.083083 0.033296 0.52994 0.42482 0.011948 0 0 0 0 0
0.084084 0.032448 0.52707 0.4281 0.012385 0 0 0 0 0
0.085085 0.031615 0.52418 0.43137 0.012833 0 0 0 0 0
0.086086 0.030796 0.52127 0.43464 0.013291 0 0 0 0 0
0.087087 0.029991 0.51834 0.43791 0.01376 0 0 0 0 0
0.088088 0.0292 0.5154 0.44116 0.01424 0 0 0 0 0
0.089089 0.028424 0.51244 0.44441 0.014731 0 0 0 0 0
0.09009 0.027661 0.50946 0.44765 0.015233 0 0 0 0 0
0.091091 0.026912 0.50647 0.45087 0.015747 0 0 0 0 0
0.092092 0.026177 0.50346 0.45409 0.016271 0 0 0 0 0
0.093093 0.025455 0.50043 0.45731 0.016808 0 0 0 0 0
0.094094 0.024747 0.49739 0.46051 0.017356 0 0 0 0 0
0.095095 0.024052 0.49434 0.4637 0.017916 0 0 0 0 0
0.096096 0.02337 0.49127 0.46688 0.018487 0 0 0 0 0
0.097097 0.022701 0.48818 0.47004 0.019071 0 0 0 0 0
0.098098 0.022045 0.48509 0.4732 0.019667 0 0 0 0 0
0.099099 0.021401 0.48198 0.47635 0.020275 0 0 0 0 0
0.1001 0.020771 0.47885 0.47948 0.020896 0 0 0 0 0
0.1011 0.020153 0.47572 0.4826 0.021529 0 0 0 0 0
0.1021 0.019547 0.47257 0.48571 0.022175 0 0 0 0 0
0.1031 0.018953 0.46941 0.4888 0.022834 0 0 0 0 0
0.1041 0.018372 0.46624 0.49188 0.023505 0 0 0 0 0
0.10511 0.017803 0.46306 0.49495 0.02419 0 0 0 0 0
0.10611 0.017245 0.45987 0.498 0.024887 0 0 0 0 0
0.10711 0.0167 0.45666 0.50104 0.025598 0 0 0 0 0
0.10811 0.016166 0.45345 0.50406 0.026323 0 0 0 0 0
0.10911 0.015643 0.45023 0.50707 0.027061 0 0 0 0 0
0.11011 0.015132 0.447 0.51006 0.027813 0 0 0 0 0
0.11111 0.014632 0.44376 0.51303 0.028578 0 0 0 0 0
0.11211 0.014143 0.44051 0.51599 0.029357 0 0 0 0 0
0.11311 0.013665 0.43725 0.51893 0.030151 0 0 0 0 0
0.11411 0.013198 0.43399 0.52185 0.030958 0 0 0 0 0
0.11512 0.012742 0.43072 0.52476 0.03178 0 0 0 0 0
0.11612 0.012297 0.42744 0.52764 0.032616 0 0 0 0 0
0.11712 0.011862 0.42416 0.53051 0.033467 0 0 0 0 0
0.11812 0.011437 0.42087 0.53336 0.034333 0 0 0 0 0
0.11912 0.011023 0.41757 0.53619 0.035213 0 0 0 0 0
0.12012 0.010619 0.41427 0.539 0.036108 0 0 0 0 0
0.12112 0.010224 0.41096 0.54179 0.037018 0 0 0 0 0
0.12212 0.0098401 0.40765 0.54456 0.037944 0 0 0 0 0
0.12312 0.0094656 0.40434 0.54731 0.038885 0 0 0 0 0
0.12412 0.0091006 0.40102 0.55004 0.039841 0 0 0 0 0
0.12513 0.0087451 0.3977 0.55275 0.040812 0 0 0 0 0
0.12613 0.0083991 0.39437 0.55543 0.0418 0 0 0 0 0
0.12713 0.0080623 0.39104 0.55809 0.042803 0 0 0 0 0
0.12813 0.0077346 0.38771 0.56073 0.043822 0 0 0 0 0
0.12913 0.0074159 0.38438 0.56335 0.044857 0 0 0 0 0
0.13013 0.0071061 0.38105 0.56594 0.045908 0 0 0 0 0
0.13113 0.006805 0.37771 0.56851 0.046976 0 0 0 0 0
0.13213 0.0065126 0.37437 0.57105 0.04806 0 0 0 0 0
0.13313 0.0062286 0.37104 0.57357 0.049161 0 0 0 0 0
0.13413 0.0059531 0.3677 0.57607 0.050278 0 0 0 0 0
0.13514 0.0056857 0.36436 0.57854 0.051412 0 0 0 0 0
0.13614 0.0054266 0.36103 0.58098 0.052563 0 0 0 0 0
0.13714 0.0051754 0.35769 0.5834 0.053731 0 0 0 0 0
0.13814 0.0049321 0.35436 0.58579 0.054916 0 0 0 0 0
0.13914 0.0046965 0.35103 0.58816 0.056119 0 0 0 0 0
0.14014 0.0044685 0.3477 0.59049 0.057339 0 0 0 0 0
0.14114 0.0042481 0.34437 0.5928 0.058576 0 0 0 0 0
0.14214 0.004035 0.34105 0.59508 0.059831 0 0 0 0 0
0.14314 0.0038292 0.33773 0.59734 0.061104 0 0 0 0 0
0.14414 0.0036305 0.33441 0.59956 0.062395 0 0 0 0 0
0.14515 0.0034388 0.3311 0.60176 0.063704 0 0 0 0 0
0.14615 0.0032539 0.32779 0.60392 0.065031 0 0 0 0 0
0.14715 0.0030758 0.32449 0.60606 0.066376 0 0 0 0 0
0.14815 0.0029044 0.32119 0.60816 0.06774 0 0 0 0 0
0.14915 0.0027394 0.3179 0.61024 0.069123 0 0 0 0 0
0.15015 0.0025808 0.31461 0.61228 0.070524 0 0 0 0 0
0.15115 0.0024284 0.31133 0.6143 0.071944 0 0 0 0 0
0.15215 0.0022822 0.30806 0.61628 0.073383 0 0 0 0 0
0.15315 0.0021419 0.30479 0.61823 0.07484 0 0 0 0 0
0.15415 0.0020075 0.30153 0.62014 0.076318 0 0 0 0 0
0.15516 0.0018789 0.29828 0.62203 0.077814 0 0 0 0 0
0.15616 0.0017558 0.29504 0.62388 0.07933 0 0 0 0 0
0.15716 0.0016383 0.2918 0.62569 0.080865 0 0 0 0 0
0.15816 0.0015261 0.28858 0.62748 0.08242 0 0 0 0 0
0.15916 0.0014192 0.28536 0.62922 0.083995 0 0 0 0 0
0.16016 0.0013174 0.28215 0.63094 0.08559 0 0 0 0 0
0.16116 0.0012206 0.27896 0.63262 0.087205 0 0 0 0 0
0.16216 0.0011286 0.27577 0.63426 0.08884 0 0 0 0 0
0.16316 0.0010414 0.2726 0.63587 0.090495 0 0 0 0 0
0.16416 0.00095876 0.26943 0.63744 0.092171 0 0 0 0 0
0.16517 0.00088064 0.26628 0.63897 0.093867 0 0 0 0 0
0.16617 0.00080689 0.26314 0.64047 0.095584 0 0 0 0 0
0.16717 0.00073737 0.26001 0.64193 0.097322 0 0 0 0 0
0.16817 0.00067196 0.2569 0.64335 0.099081 0 0 0 0 0
0.16917 0.00061054 0.25379 0.64473 0.10086 0 0 0 0 0
0.17017 0.00055298 0.25071 0.64608 0.10266 0 0 0 0 0
0.17117 0.00049916 0.24763 0.64739 0.10448 0 0 0 0 0
0.17217 0.00044895 0.24457 0.64865 0.10633 0 0 0 0 0
0.17317 0.00040222 0.24152 0.64988 0.10819 0 0 0 0 0
0.17417 0.00035886 0.23849 0.65107 0.11008 0 0 0 0 0
0.17518 0.00031873 0.23548 0.65222 0.11199 0 0 0 0 0
0.17618 0.0002817 0.23248 0.65332 0.11392 0 0 0 0 0
0.17718 0.00024767 0.22949 0.65439 0.11587 0 0 0 0 0
0.17818 0.00021649 0.22652 0.65541 0.11785 0 0 0 0 0
0.17918 0.00018804 0.22357 0.65639 0.11985 0 0 0 0 0
0.18018 0.0001622 0.22064 0.65733 0.12187 0 0 0 0 0
0.18118 0.00013885 0.21772 0.65823 0.12391 0 0 0 0 0
0.18218 0.00011785 0.21483 0.65908 0.12597 0 0 0 0 0
0.18318 9.9081e-05 0.21195 0.65989 0.12806 0 0 0 0 0
0.18418 8.242e-05 0.20909 0.66066 0.13017 0 0 0 0 0
0.18519 6.774e-05 0.20624 0.66138 0.13231 0 0 0 0 0
0.18619 5.4916e-05 0.20342 0.66206 0.13446 0 0 0 0 0
0.18719 4.3822e-05 0.20062 0.66269 0.13664 0 0 0 0 0
0.18819 3.4333e-05 0.19784 0.66328 0.13885 0 0 0 0 0
0.18919 2.6323e-05 0.19508 0.66382 0.14107 0 0 0 0 0
0.19019 1.9667e-05 0.19234 0.66432 0.14333 0 0 0 0 0
0.19119 1.424e-05 0.18962 0.66477 0.1456 0 0 0 0 0
0.19219 9.9162e-06 0.18692 0.66517 0.1479 0 0 0 0 0
0.19319 6.5704e-06 0.18424 0.66553 0.15022 0 0 0 0 0
0.19419 4.0771e-06 0.18159 0.66584 0.15257 0 0 0 0 0
0.1952 2.3109e-06 0.17896 0.6661 0.15494 0 0 0 0 0
0.1962 1.1466e-06 0.17635 0.66631 0.15734 0 0 0 0 0
0.1972 4.5871e-07 0.17377 0.66647 0.15976 0 0 0 0 0
0.1982 1.2187e-07 0.17121 0.66659 0.1622 0 0 0 0 0
0.1992 1.0699e-08 0.16868 0.66665 0.16467 0 0 0 0 0
0.2002 0 0.16617 0.66667 0.16717 1.6717e-10 0 0 0 0
0.2012 0 0.16368 0.66663 0.16969 3.6108e-08 0 0 0 0
0.2022 0 0.16122 0.66655 0.17223 2.225e-07 0 0 0 0
0.2032 0 0.15879 0.66641 0.1748 6.8472e-07 0 0 0 0
0.2042 0 0.15638 0.66623 0.17739 1.5481e-06 0 0 0 0
0.20521 0 0.15399 0.666 0.18001 2.9381e-06 0 0 0 0
0.20621 0 0.15163 0.66572 0.18265 4.9801e-06 0 0 0 0
0.20721 0 0.14929 0.66539 0.18531 7.7994e-06 0 0 0 0
0.20821 0 0.14698 0.66502 0.18799 1.1521e-05 0 0 0 0
0.20921 0 0.14469 0.6646 0.1907 1.6271e-05 0 0 0 0
0.21021 0 0.14242 0.66413 0.19343 2.2175e-05 0 0 0 0
0.21121 0 0.14018 0.66361 0.19618 2.9357e-05 0 0 0 0
0.21221 0 0.13796 0.66305 0.19895 3.7944e-05 0 0 0 0
0.21321 0 0.13577 0.66245 0.20174 4.806e-05 0 0 0 0
0.21421 0 0.1336 0.6618 0.20455 5.9831e-05 0 0 0 0
0.21522 0 0.13145 0.6611 0.20738 7.3383e-05 0 0 0 0
0.21622 0 0.12932 0.66036 0.21023 8.884e-05 0 0 0 0
0.21722 0 0.12722 0.65957 0.2131 0.00010633 0 0 0 0
0.21822 0 0.12514 0.65875 0.21598 0.00012597 0 0 0 0
0.21922 0 0.12309 0.65788 0.21889 0.0001479 0 0 0 0
0.22022 0 0.12105 0.65696 0.22181 0.00017223 0 0 0 0
0.22122 0 0.11904 0.65601 0.22475 0.0001991 0 0 0 0
0.22222 0 0.11706 0.65501 0.22771 0.00022862 0 0 0 0
0.22322 0 0.11509 0.65397 0.23068 0.00026093 0 0 0 0
0.22422 0 0.11315 0.65288 0.23367 0.00029615 0 0 0 0
0.22523 0 0.11122 0.65176 0.23668 0.0003344 0 0 0 0
0.22623 0 0.10932 0.6506 0.2397 0.00037581 0 0 0 0
0.22723 0 0.10744 0.6494 0.24274 0.0004205 0 0 0 0
0.22823 0 0.10559 0.64815 0.24579 0.00046861 0 0 0 0
0.22923 0 0.10375 0.64687 0.24886 0.00052025 0 0 0 0
0.23023 0 0.10194 0.64555 0.25194 0.00057555 0 0 0 0
0.23123 0 0.10015 0.64419 0.25503 0.00063464 0 0 0 0
0.23223 0 0.098375 0.64279 0.25814 0.00069764 0 0 0 0
0.23323 0 0.096625 0.64135 0.26126 0.00076467 0 0 0 0
0.23423 0 0.094895 0.63987 0.26439 0.00083587 0 0 0 0
0.23524 0 0.093186 0.63836 0.26754 0.00091136 0 0 0 0
0.23624 0 0.091498 0.63681 0.2707 0.00099126 0 0 0 0
0.23724 0 0.089831 0.63523 0.27387 0.0010757 0 0 0 0
0.23824 0 0.088183 0.63361 0.27704 0.0011648 0 0 0 0
0.23924 0 0.086556 0.63195 0.28024 0.0012587 0 0 0 0
0.24024 0 0.08495 0.63026 0.28344 0.0013575 0 0 0 0
0.24124 0 0.083363 0.62853 0.28665 0.0014613 0 0 0 0
0.24224 0 0.081796 0.62677 0.28987 0.0015704 0 0 0 0
0.24324 0 0.080249 0.62497 0.2931 0.0016847 0 0 0 0
0.24424 0 0.078721 0.62314 0.29633 0.0018044 0 0 0 0
0.24525 0 0.077213 0.62128 0.29958 0.0019296 0 0 0 0
0.24625 0 0.075724 0.61938 0.30283 0.0020606 0 0 0 0
0.24725 0 0.074255 0.61745 0.3061 0.0021973 0 0 0 0
0.24825 0 0.072805 0.61549 0.30937 0.0023399 0 0 0 0
0.24925 0 0.071374 0.6135 0.31264 0.0024886 0 0 0 0
0.25025 0 0.069961 0.61147 0.31593 0.0026435 0 0 0 0
0.25125 0 0.068568 0.60941 0.31921 0.0028046 0 0 0 0
0.25225 0 0.067193 0.60733 0.32251 0.0029722 0 0 0 0
0.25325 0 0.065836 0.60521 0.32581 0.0031463 0 0 0 0
0.25425 0 0.064498 0.60306 0.32912 0.0033271 0 0 0 0
0.25526 0 0.063178 0.60088 0.33243 0.0035146 0 0 0 0
0.25626 0 0.061876 0.59867 0.33574 0.0037091 0 0 0 0
0.25726 0 0.060593 0.59644 0.33906 0.0039107 0 0 0 0
0.25826 0 0.059327 0.59417 0.34238 0.0041194 0 0 0 0
0.25926 0 0.058079 0.59188 0.3457 0.0043354 0 0 0 0
0.26026 0 0.056848 0.58956 0.34903 0.0045588 0 0 0 0
0.26126 0 0.055635 0.58721 0.35236 0.0047898 0 0 0 0
0.26226 0 0.05444 0.58484 0.35569 0.0050284 0 0 0 0
0.26326 0 0.053262 0.58244 0.35903 0.0052749 0 0 0 0
0.26426 0 0.0521 0.58001 0.36236 0.0055293 0 0 0 0
0.26527 0 0.050956 0.57755 0.3657 0.0057917 0 0 0 0
0.26627 0 0.049829 0.57507 0.36904 0.0060623 0 0 0 0
0.26727 0 0.048718 0.57257 0.37237 0.0063412 0 0 0 0
0.26827 0 0.047624 0.57004 0.37571 0.0066285 0 0 0 0
0.26927 0 0.046547 0.56748 0.37904 0.0069244 0 0 0 0
0.27027 0 0.045486 0.56491 0.38238 0.0072289 0 0 0 0
0.27127 0 0.044441 0.5623 0.38571 0.0075423 0 0 0 0
0.27227 0 0.043412 0.55968 0.38904 0.0078646 0 0 0 0
0.27327 0 0.0424 0.55703 0.39237 0.0081959 0 0 0 0
0.27427 0 0.041403 0.55436 0.3957 0.0085364 0 0 0 0
0.27528 0 0.040422 0.55167 0.39903 0.0088862 0 0 0 0
0.27628 0 0.039456 0.54895 0.40235 0.0092454 0 0 0 0
0.27728 0 0.038506 0.54621 0.40566 0.0096142 0 0 0 0
0.27828 0 0.037572 0.54346 0.40898 0.0099927 0 0 0 0
0.27928 0 0.036653 0.54068 0.41229 0.010381 0 0 0 0
0.28028 0 0.035748 0.53788 0.41559 0.010779 0 0 0 0
0.28128 0 0.034859 0.53506 0.41889 0.011187 0 0 0 0
0.28228 0 0.033985 0.53222 0.42218 0.011606 0 0 0 0
0.28328 0 0.033125 0.52937 0.42547 0.012035 0 0 0 0
0.28428 0 0.03228 0.52649 0.42875 0.012474 0 0 0 0
0.28529 0 0.03145 0.5236 0.43203 0.012924 0 0 0 0
0.28629 0 0.030634 0.52069 0.4353 0.013384 0 0 0 0
0.28729 0 0.029832 0.51776 0.43856 0.013855 0 0 0 0
0.28829 0 0.029044 0.51481 0.44181 0.014337 0 0 0 0
0.28929 0 0.02827 0.51184 0.44506 0.014831 0 0 0 0
0.29029 0 0.02751 0.50886 0.44829 0.015335 0 0 0 0
0.29129 0 0.026764 0.50587 0.45152 0.015851 0 0 0 0
0.29229 0 0.026031 0.50285 0.45474 0.016378 0 0 0 0
0.29329 0 0.025312 0.49983 0.45795 0.016916 0 0 0 0
0.29429 0 0.024607 0.49678 0.46114 0.017467 0 0 0 0
0.2953 0 0.023914 0.49372 0.46433 0.018029 0 0 0 0
0.2963 0 0.023235 0.49065 0.46751 0.018603 0 0 0 0
0.2973 0 0.022569 0.48757 0.47068 0.019189 0 0 0 0
0.2983 0 0.021915 0.48447 0.47383 0.019788 0 0 0 0
0.2993 0 0.021274 0.48135 0.47697 0.020398 0 0 0 0
0.3003 0 0.020646 0.47823 0.4801 0.021022 0 0 0 0
0.3013 0 0.020031 0.47509 0.48322 0.021657 0 0 0 0
0.3023 0 0.019427 0.47194 0.48633 0.022306 0 0 0 0
0.3033 0 0.018836 0.46878 0.48942 0.022967 0 0 0 0
0.3043 0 0.018257 0.4656 0.4925 0.023641 0 0 0 0
0.30531 0 0.01769 0.46242 0.49556 0.024328 0 0 0 0
0.30631 0 0.017135 0.45923 0.49861 0.025029 0 0 0 0
0.30731 0 0.016592 0.45602 0.50164 0.025742 0 0 0 0
0.30831 0 0.01606 0.45281 0.50466 0.026469 0 0 0 0
0.30931 0 0.01554 0.44958 0.50767 0.02721 0 0 0 0
0.31031 0 0.015031 0.44635 0.51065 0.027965 0 0 0 0
0.31131 0 0.014533 0.44311 0.51362 0.028733 0 0 0 0
0.31231 0 0.014047 0.43986 0.51658 0.029515 0 0 0 0
0.31331 0 0.013571 0.4366 0.51952 0.030311 0 0 0 0
0.31431 0 0.013106 0.43334 0.52243 0.031122 0 0 0 0
0.31532 0 0.012652 0.43006 0.52534 0.031946 0 0 0 0
0.31632 0 0.012209 0.42679 0.52822 0.032785 0 0 0 0
0.31732 0 0.011776 0.4235 0.53108 0.033639 0 0 0 0
0.31832 0 0.011354 0.42021 0.53393 0.034508 0 0 0 0
0.31932 0 0.010941 0.41691 0.53676 0.035391 0 0 0 0
0.32032 0 0.010539 0.41361 0.53956 0.036289 0 0 0 0
0.32132 0 0.010147 0.4103 0.54235 0.037202 0 0 0 0
0.32232 0 0.0097644 0.40699 0.54511 0.038131 0 0 0 0
0.32332 0 0.0093918 0.40367 0.54786 0.039075 0 0 0 0
0.32432 0 0.0090288 0.40035 0.55058 0.040034 0 0 0 0
0.32533 0 0.0086752 0.39703 0.55328 0.041009 0 0 0 0
0.32633 0 0.008331 0.39371 0.55596 0.041999 0 0 0 0
0.32733 0 0.007996 0.39038 0.55862 0.043005 0 0 0 0
0.32833 0 0.0076701 0.38705 0.56126 0.044028 0 0 0 0
0.32933 0 0.0073532 0.38371 0.56387 0.045066 0 0 0 0
0.33033 0 0.0070451 0.38038 0.56646 0.046121 0 0 0 0
0.33133 0 0.0067458 0.37704 0.56902 0.047192 0 0 0 0
0.33233 0 0.0064551 0.37371 0.57156 0.048279 0 0 0 0
0.33333 0 0.0061728 0.37037 0.57407 0.049383 0 0 0 0
0.33433 0 0.0058989 0.36703 0.57656 0.050503 0 0 0 0
0.33534 0 0.0056333 0.3637 0.57903 0.051641 0 0 0 0
0.33634 0 0.0053757 0.36036 0.58147 0.052795 0 0 0 0
0.33734 0 0.0051261 0.35703 0.58388 0.053967 0 0 0 0
0.33834 0 0.0048843 0.35369 0.58627 0.055155 0 0 0 0
0.33934 0 0.0046503 0.35036 0.58862 0.056361 0 0 0 0
0.34034 0 0.0044239 0.34704 0.59096 0.057585 0 0 0 0
0.34134 0 0.0042049 0.34371 0.59326 0.058826 0 0 0 0
0.34234 0 0.0039933 0.34039 0.59554 0.060084 0 0 0 0
0.34334 0 0.0037889 0.33707 0.59778 0.061361 0 0 0 0
0.34434 0 0.0035916 0.33375 0.6 0.062655 0 0 0 0
0.34535 0 0.0034013 0.33044 0.60219 0.063968 0 0 0 0
0.34635 0 0.0032178 0.32713 0.60435 0.065299 0 0 0 0
0.34735 0 0.003041 0.32383 0.60648 0.066648 0 0 0 0
0.34835 0 0.0028709 0.32053 0.60858 0.068015 0 0 0 0
0.34935 0 0.0027072 0.31724 0.61065 0.069401 0 0 0 0
0.35035 0 0.0025498 0.31395 0.61269 0.070806 0 0 0 0
0.35135 0 0.0023987 0.31068 0.6147 0.07223 0 0 0 0
0.35235 0 0.0022536 0.3074 0.61667 0.073673 0 0 0 0
0.35335 0 0.0021146 0.30414 0.61861 0.075134 0 0 0 0
0.35435 0 0.0019813 0.30088 0.62052 0.076615 0 0 0 0
0.35536 0 0.0018538 0.29763 0.6224 0.078116 0 0 0 0
0.35636 0 0.0017319 0.29439 0.62424 0.079635 0 0 0 0
0.35736 0 0.0016154 0.29116 0.62605 0.081175 0 0 0 0
0.35836 0 0.0015043 0.28793 0.62783 0.082734 0 0 0 0
0.35936 0 0.0013984 0.28472 0.62957 0.084312 0 0 0 0
0.36036 0 0.0012976 0.28151 0.63128 0.085911 0 0 0 0
0.36136 0 0.0012018 0.27832 0.63295 0.08753 0 0 0 0
0.36236 0 0.0011108 0.27514 0.63458 0.089169 0 0 0 0
0.36336 0 0.0010245 0.27196 0.63618 0.090829 0 0 0 0
0.36436 0 0.00094278 0.2688 0.63775 0.092509 0 0 0 0
0.36537 0 0.00086555 0.26565 0.63927 0.094209 0 0 0 0
0.36637 0 0.00079265 0.26251 0.64076 0.09593 0 0 0 0
0.36737 0 0.00072396 0.25939 0.64222 0.097672 0 0 0 0
0.36837 0 0.00065936 0.25627 0.64363 0.099435 0 0 0 0
0.36937 0 0.00059872 0.25318 0.64501 0.10122 0 0 0 0
0.37037 0 0.00054192 0.25009 0.64634 0.10302 0 0 0 0
0.37137 0 0.00048883 0.24702 0.64764 0.10485 0 0 0 0
0.37237 0 0.00043933 0.24396 0.6489 0.1067 0 0 0 0
0.37337 0 0.00039328 0.24092 0.65012 0.10857 0 0 0 0
0.37437 0 0.00035058 0.23789 0.6513 0.11046 0 0 0 0
0.37538 0 0.00031108 0.23487 0.65244 0.11237 0 0 0 0
0.37638 0 0.00027466 0.23188 0.65354 0.11431 0 0 0 0
0.37738 0 0.00024121 0.2289 0.6546 0.11627 0 0 0 0
0.37838 0 0.00021058 0.22593 0.65561 0.11825 0 0 0 0
0.37938 0 0.00018267 0.22299 0.65658 0.12025 0 0 0 0
0.38038 0 0.00015734 0.22006 0.65752 0.12227 0 0 0 0
0.38138 0 0.00013446 0.21714 0.6584 0.12432 0 0 0 0
0.38238 0 0.00011392 0.21425 0.65925 0.12639 0 0 0 0
0.38338 0 9.5584e-05 0.21137 0.66005 0.12848 0 0 0 0
0.38438 0 7.933e-05 0.20852 0.66081 0.1306 0 0 0 0
0.38539 0 6.5031e-05 0.20568 0.66152 0.13273 0 0 0 0
0.38639 0 5.2563e-05 0.20286 0.66219 0.1349 0 0 0 0
0.38739 0 4.18e-05 0.20006 0.66282 0.13708 0 0 0 0
0.38839 0 3.2616e-05 0.19728 0.66339 0.13929 0 0 0 0
0.38939 0 2.4887e-05 0.19453 0.66393 0.14152 0 0 0 0
0.39039 0 1.8487e-05 0.19179 0.66441 0.14378 0 0 0 0
0.39139 0 1.3291e-05 0.18907 0.66485 0.14606 0 0 0 0
0.39239 0 9.1728e-06 0.18638 0.66525 0.14836 0 0 0 0
0.39339 0 6.0075e-06 0.18371 0.66559 0.15069 0 0 0 0
0.39439 0 3.6697e-06 0.18106 0.66589 0.15304 0 0 0 0
0.3954 0 2.0339e-06 0.17844 0.66614 0.15542 0 0 0 0
0.3964 0 9.7492e-07 0.17584 0.66634 0.15782 0 0 0 0
0.3974 0 3.6727e-07 0.17326 0.6665 0.16024 0 0 0 0
0.3984 0 8.559e-08 0.1707 0.6666 0.16269 0 0 0 0
0.3994 0 4.5135e-09 0.16817 0.66666 0.16517 0 0 0 0
0.4004 0 0 0.16567 0.66666 0.16767 1.3373e-09 0 0 0
0.4014 0 0 0.16319 0.66662 0.17019 5.7339e-08 0 0 0
0.4024 0 0 0.16073 0.66652 0.17274 2.8887e-07 0 0 0
0.4034 0 0 0.1583 0.66638 0.17532 8.2129e-07 0 0 0
0.4044 0 0 0.1559 0.66619 0.17791 1.78e-06 0 0 0
0.40541 0 0 0.15352 0.66595 0.18054 3.2904e-06 0 0 0
0.40641 0 0 0.15116 0.66566 0.18318 5.4778e-06 0 0 0
0.40741 0 0 0.14883 0.66532 0.18585 8.4675e-06 0 0 0
0.40841 0 0 0.14652 0.66494 0.18853 1.2385e-05 0 0 0
0.40941 0 0 0.14423 0.66451 0.19124 1.7356e-05 0 0 0
0.41041 0 0 0.14197 0.66403 0.19398 2.3505e-05 0 0 0
0.41141 0 0 0.13973 0.6635 0.19673 3.0958e-05 0 0 0
0.41241 0 0 0.13752 0.66293 0.1995 3.9841e-05 0 0 0
0.41341 0 0 0.13533 0.66232 0.2023 5.0278e-05 0 0 0
0.41441 0 0 0.13317 0.66166 0.20511 6.2395e-05 0 0 0
0.41542 0 0 0.13102 0.66095 0.20795 7.6318e-05 0 0 0
0.41642 0 0 0.1289 0.66021 0.2108 9.2171e-05 0 0 0
0.41742 0 0 0.12681 0.65941 0.21367 0.00011008 0 0 0
0.41842 0 0 0.12473 0.65858 0.21656 0.00013017 0 0 0
0.41942 0 0 0.12268 0.6577 0.21947 0.00015257 0 0 0
0.42042 0 0 0.12065 0.65677 0.2224 0.0001774 0 0 0
0.42142 0 0 0.11864 0.65581 0.22534 0.00020479 0 0 0
0.42242 0 0 0.11666 0.6548 0.2283 0.00023486 0 0 0
0.42342 0 0 0.1147 0.65375 0.23128 0.00026774 0 0 0
0.42442 0 0 0.11276 0.65266 0.23427 0.00030355 0 0 0
0.42543 0 0 0.11084 0.65153 0.23728 0.00034242 0 0 0
0.42643 0 0 0.10895 0.65036 0.24031 0.00038448 0 0 0
0.42743 0 0 0.10707 0.64915 0.24335 0.00042985 0 0 0
0.42843 0 0 0.10522 0.6479 0.2464 0.00047865 0 0 0
0.42943 0 0 0.10339 0.64661 0.24947 0.00053101 0 0 0
0.43043 0 0 0.10158 0.64528 0.25256 0.00058706 0 0 0
0.43143 0 0 0.09979 0.64391 0.25565 0.00064692 0 0 0
0.43243 0 0 0.098023 0.6425 0.25876 0.00071072 0 0 0
0.43343 0 0 0.096277 0.64106 0.26189 0.00077858 0 0 0
0.43443 0 0 0.094552 0.63958 0.26502 0.00085062 0 0 0
0.43544 0 0 0.092847 0.63806 0.26817 0.00092698 0 0 0
0.43644 0 0 0.091163 0.6365 0.27133 0.0010078 0 0 0
0.43744 0 0 0.089499 0.63491 0.2745 0.0010931 0 0 0
0.43844 0 0 0.087856 0.63328 0.27768 0.0011832 0 0 0
0.43944 0 0 0.086233 0.63161 0.28087 0.0012781 0 0 0
0.44044 0 0 0.084631 0.62991 0.28408 0.0013779 0 0 0
0.44144 0 0 0.083048 0.62818 0.28729 0.0014827 0 0 0
0.44244 0 0 0.081485 0.62641 0.29051 0.0015928 0 0 0
0.44344 0 0 0.079942 0.62461 0.29374 0.0017082 0 0 0
0.44444 0 0 0.078418 0.62277 0.29698 0.001829 0 0 0
0.44545 0 0 0.076914 0.6209 0.30023 0.0019554 0 0 0
0.44645 0 0 0.075429 0.619 0.30349 0.0020875 0 0 0
0.44745 0 0 0.073963 0.61706 0.30675 0.0022253 0 0 0
0.44845 0 0 0.072517 0.61509 0.31002 0.0023692 0 0 0
0.44945 0 0 0.07109 0.61309 0.3133 0.0025191 0 0 0
0.45045 0 0 0.069681 0.61106 0.31658 0.0026752 0 0 0
0.45145 0 0 0.068291 0.609 0.31987 0.0028376 0 0 0
0.45245 0 0 0.06692 0.6069 0.32317 0.0030065 0 0 0
0.45345 0 0 0.065567 0.60478 0.32647 0.0031819 0 0 0
0.45445 0 0 0.064233 0.60263 0.32978 0.003364 0 0 0
0.45546 0 0 0.062916 0.60044 0.33309 0.003553 0 0 0
0.45646 0 0 0.061618 0.59823 0.3364 0.0037489 0 0 0
0.45746 0 0 0.060338 0.59599 0.33972 0.0039518 0 0 0
0.45846 0 0 0.059076 0.59372 0.34304 0.004162 0 0 0
0.45946 0 0 0.057831 0.59142 0.34637 0.0043795 0 0 0
0.46046 0 0 0.056604 0.58909 0.3497 0.0046044 0 0 0
0.46146 0 0 0.055395 0.58674 0.35303 0.0048369 0 0 0
0.46246 0 0 0.054203 0.58436 0.35636 0.0050771 0 0 0
0.46346 0 0 0.053028 0.58195 0.3597 0.0053251 0 0 0
0.46446 0 0 0.05187 0.57952 0.36303 0.0055811 0 0 0
0.46547 0 0 0.050729 0.57706 0.36637 0.0058451 0 0 0
0.46647 0 0 0.049605 0.57457 0.3697 0.0061174 0 0 0
0.46747 0 0 0.048498 0.57206 0.37304 0.006398 0 0 0
0.46847 0 0 0.047408 0.56953 0.37638 0.006687 0 0 0
0.46947 0 0 0.046333 0.56697 0.37971 0.0069846 0 0 0
0.47047 0 0 0.045276 0.56439 0.38305 0.0072909 0 0 0
0.47147 0 0 0.044234 0.56178 0.38638 0.007606 0 0 0
0.47247 0 0 0.043209 0.55915 0.38971 0.0079301 0 0 0
0.47347 0 0 0.042199 0.5565 0.39304 0.0082632 0 0 0
0.47447 0 0 0.041205 0.55382 0.39637 0.0086056 0 0 0
0.47548 0 0 0.040228 0.55112 0.39969 0.0089573 0 0 0
0.47648 0 0 0.039265 0.54841 0.40301 0.0093184 0 0 0
0.47748 0 0 0.038318 0.54567 0.40633 0.0096891 0 0 0
0.47848 0 0 0.037387 0.5429 0.40964 0.01007 0 0 0
0.47948 0 0 0.036471 0.54012 0.41295 0.01046 0 0 0
0.48048 0 0 0.035569 0.53732 0.41625 0.01086 0 0 0
0.48148 0 0 0.034683 0.5345 0.41955 0.01127 0 0 0
0.48248 0 0 0.033812 0.53166 0.42284 0.011691 0 0 0
0.48348 0 0 0.032955 0.52879 0.42613 0.012122 0 0 0
0.48448 0 0 0.032113 0.52591 0.42941 0.012563 0 0 0
0.48549 0 0 0.031285 0.52302 0.43268 0.013015 0 0 0
0.48649 0 0 0.030472 0.5201 0.43595 0.013477 0 0 0
0.48749 0 0 0.029673 0.51717 0.43921 0.013951 0 0 0
0.48849 0 0 0.028888 0.51422 0.44246 0.014435 0 0 0
0.48949 0 0 0.028117 0.51125 0.4457 0.014931 0 0 0
0.49049 0 0 0.02736 0.50826 0.44894 0.015437 0 0 0
0.49149 0 0 0.026616 0.50526 0.45216 0.015955 0 0 0
0.49249 0 0 0.025887 0.50225 0.45538 0.016485 0 0 0
0.49349 0 0 0.02517 0.49922 0.45859 0.017026 0 0 0
0.49449 0 0 0.024467 0.49617 0.46178 0.017578 0 0 0
0.4955 0 0 0.023777 0.49311 0.46497 0.018143 0 0 0
0.4965 0 0 0.023101 0.49004 0.46814 0.018719 0 0 0
0.4975 0 0 0.022437 0.48695 0.47131 0.019308 0 0 0
0.4985 0 0 0.021786 0.48384 0.47446 0.019909 0 0 0
0.4995 0 0 0.021148 0.48073 0.4776 0.020522 0 0 0
0.5005 0 0 0.020522 0.4776 0.48073 0.021148 0 0 0
0.5015 0 0 0.019909 0.47446 0.48384 0.021786 0 0 0
0.5025 0 0 0.019308 0.47131 0.48695 0.022437 0 0 0
0.5035 0 0 0.018719 0.46814 0.49004 0.023101 0 0 0
0.5045 0 0 0.018143 0.46497 0.49311 0.023777 0 0 0
0.50551 0 0 0.017578 0.46178 0.49617 0.024467 0 0 0
0.50651 0 0 0.017026 0.45859 0.49922 0.02517 0 0 0
0.50751 0 0 0.016485 0.45538 0.50225 0.025887 0 0 0
0.50851 0 0 0.015955 0.45216 0.50526 0.026616 0 0 0
0.50951 0 0 0.015437 0.44894 0.50826 0.02736 0 0 0
0.51051 0 0 0.014931 0.4457 0.51125 0.028117 0 0 0
0.51151 0 0 0.014435 0.44246 0.51422 0.028888 0 0 0
0.51251 0 0 0.013951 0.43921 0.51717 0.029673 0 0 0
0.51351 0 0 0.013477 0.43595 0.5201 0.030472 0 0 0
0.51451 0 0 0.013015 0.43268 0.52302 0.031285 0 0 0
0.51552 0 0 0.012563 0.42941 0.52591 0.032113 0 0 0
0.51652 0 0 0.012122 0.42613 0.52879 0.032955 0 0 0
0.51752 0 0 0.011691 0.42284 0.53166 0.033812 0 0 0
0.51852 0 0 0.01127 0.41955 0.5345 0.034683 0 0 0
0.51952 0 0 0.01086 0.41625 0.53732 0.035569 0 0 0
0.52052 0 0 0.01046 0.41295 0.54012 0.036471 0 0 0
0.52152 0 0 0.01007 0.40964 0.5429 0.037387 0 0 0
0.52252 0 0 0.0096891 0.40633 0.54567 0.038318 0 0 0
0.52352 0 0 0.0093184 0.40301 0.54841 0.039265 0 0 0
0.52452 0 0 0.0089573 0.39969 0.55112 0.040228 0 0 0
0.52553 0 0 0.0086056 0.39637 0.55382 0.041205 0 0 0
0.52653 0 0 0.0082632 0.39304 0.5565 0.042199 0 0 0
0.52753 0 0 0.0079301 0.38971 0.55915 0.043209 0 0 0
0.52853 0 0 0.007606 0.38638 0.56178 0.044234 0 0 0
0.52953 0 0 0.0072909 0.38305 0.56439 0.045276 0 0 0
0.53053 0 0 0.0069846 0.37971 0.56697 0.046333 0 0 0
0.53153 0 0 0.006687 0.37638 0.56953 0.047408 0 0 0
0.53253 0 0 0.006398 0.37304 0.57206 0.048498 0 0 0
0.53353 0 0 0.0061174 0.3697 0.57457 0.049605 0 0 0
0.53453 0 0 0.0058451 0.36637 0.57706 0.050729 0 0 0
0.53554 0 0 0.0055811 0.36303 0.57952 0.05187 0 0 0
0.53654 0 0 0.0053251 0.3597 0.58195 0.053028 0 0 0
0.53754 0 0 0.0050771 0.35636 0.58436 0.054203 0 0 0
0.53854 0 0 0.0048369 0.35303 0.58674 0.055395 0 0 0
0.53954 0 0 0.0046044 0.3497 0.58909 0.056604 0 0 0
0.54054 0 0 0.0043795 0.34637 0.59142 0.057831 0 0 0
0.54154 0 0 0.004162 0.34304 0.59372 0.059076 0 0 0
0.54254 0 0 0.0039518 0.33972 0.59599 0.060338 0 0 0
0.54354 0 0 0.0037489 0.3364 0.59823 0.061618 0 0 0
0.54454 0 0 0.003553 0.33309 0.60044 0.062916 0 0 0
0.54555 0 0 0.003364 0.32978 0.60263 0.064233 0 0 0
0.54655 0 0 0.0031819 0.32647 0.60478 0.065567 0 0 0
0.54755 0 0 0.0030065 0.32317 0.6069 0.06692 0 0 0
0.54855 0 0 0.0028376 0.31987 0.609 0.068291 0 0 0
0.54955 0 0 0.0026752 0.31658 0.61106 0.069681 0 0 0
0.55055 0 0 0.0025191 0.3133 0.61309 0.07109 0 0 0
0.55155 0 0 0.0023692 0.31002 0.61509 0.072517 0 0 0
0.55255 0 0 0.0022253 0.30675 0.61706 0.073963 0 0 0
0.55355 0 0 0.0020875 0.30349 0.619 0.075429 0 0 0
0.55455 0 0 0.0019554 0.30023 0.6209 0.076914 0 0 0
0.55556 0 0 0.001829 0.29698 0.62277 0.078418 0 0 0
0.55656 0 0 0.0017082 0.29374 0.62461 0.079942 0 0 0
0.55756 0 0 0.0015928 0.29051 0.62641 0.081485 0 0 0
0.55856 0 0 0.0014827 0.28729 0.62818 0.083048 0 0 0
0.55956 0 0 0.0013779 0.28408 0.62991 0.084631 0 0 0
0.56056 0 0 0.0012781 0.28087 0.63161 0.086233 0 0 0
0.56156 0 0 0.0011832 0.27768 0.63328 0.087856 0 0 0
0.56256 0 0 0.0010931 0.2745 0.63491 0.089499 0 0 0
0.56356 0 0 0.0010078 0.27133 0.6365 0.091163 0 0 0
0.56456 0 0 0.00092698 0.26817 0.63806 0.092847 0 0 0
0.56557 0 0 0.00085062 0.26502 0.63958 0.094552 0 0 0
0.56657 0 0 0.00077858 0.26189 0.64106 0.096277 0 0 0
0.56757 0 0 0.00071072 0.25876 0.6425 0.098023 0 0 0
0.56857 0 0 0.00064692 0.25565 0.64391 0.09979 0 0 0
0.56957 0 0 0.00058706 0.25256 0.64528 0.10158 0 0 0
0.57057 0 0 0.00053101 0.24947 0.64661 0.10339 0 0 0
0.57157 0 0 0.00047865 0.2464 0.6479 0.10522 0 0 0
0.57257 0 0 0.00042985 0.24335 0.64915 0.10707 0 0 0
0.57357 0 0 0.00038448 0.24031 0.65036 0.10895 0 0 0
0.57457 0 0 0.00034242 0.23728 0.65153 0.11084 0 0 0
0.57558 0 0 0.00030355 0.23427 0.65266 0.11276 0 0 0
0.57658 0 0 0.00026774 0.23128 0.65375 0.1147 0 0 0
0.57758 0 0 0.00023486 0.2283 0.6548 0.11666 0 0 0
0.57858 0 0 0.00020479 0.22534 0.65581 0.11864 0 0 0
0.57958 0 0 0.0001774 0.2224 0.65677 0.12065 0 0 0
0.58058 0 0 0.00015257 0.21947 0.6577 0.12268 0 0 0
0.58158 0 0 0.00013017 0.21656 0.65858 0.12473 0 0 0
0.58258 0 0 0.00011008 0.21367 0.65941 0.12681 0 0 0
0.58358 0 0 9.2171e-05 0.2108 0.66021 0.1289 0 0 0
0.58458 0 0 7.6318e-05 0.20795 0.66095 0.13102 0 0 0
0.58559 0 0 6.2395e-05 0.20511 0.66166 0.13317 0 0 0
0.58659 0 0 5.0278e-05 0.2023 0.66232 0.13533 0 0 0
0.58759 0 0 3.9841e-05 0.1995 0.66293 0.13752 0 0 0
0.58859 0 0 3.0958e-05 0.19673 0.6635 0.13973 0 0 0
0.58959 0 0 2.3505e-05 0.19398 0.66403 0.14197 0 0 0
0.59059 0 0 1.7356e-05 0.19124 0.66451 0.14423 0 0 0
0.59159 0 0 1.2385e-05 0.18853 0.66494 0.14652 0 0 0
0.59259 0 0 8.4675e-06 0.18585 0.66532 0.14883 0 0 0
0.59359 0 0 5.4778e-06 0.18318 0.66566 0.15116 0 0 0
0.59459 0 0 3.2904e-06 0.18054 0.66595 0.15352 0 0 0
0.5956 0 0 1.78e-06 0.17791 0.66619 0.1559 0 0 0
0.5966 0 0 8.2129e-07 0.17532 0.66638 0.1583 0 0 0
0.5976 0 0 2.8887e-07 0.17274 0.66652 0.16073 0 0 0
0.5986 0 0 5.7339e-08 0.17019 0.66662 0.16319 0 0 0
0.5996 0 0 1.3373e-09 0.16767 0.66666 0.16567 0 0 0
0.6006 0 0 0 0.16517 0.66666 0.16817 4.5135e-09 0 0
0.6016 0 0 0 0.16269 0.6666 0.1707 8.559e-08 0 0
0.6026 0 0 0 0.16024 0.6665 0.17326 3.6727e-07 0 0
0.6036 0 0 0 0.15782 0.66634 0.17584 9.7492e-07 0 0
0.6046 0 0 0 0.15542 0.66614 0.17844 2.0339e-06 0 0
0.60561 0 0 0 0.15304 0.66589 0.18106 3.6697e-06 0 0
0.60661 0 0 0 0.15069 0.66559 0.18371 6.0075e-06 0 0
0.60761 0 0 0 0.14836 0.66525 0.18638 9.1728e-06 0 0
0.60861 0 0 0 0.14606 0.66485 0.18907 1.3291e-05 0 0
0.60961 0 0 0 0.14378 0.66441 0.19179 1.8487e-05 0 0
0.61061 0 0 0 0.14152 0.66393 0.19453 2.4887e-05 0 0
0.61161 0 0 0 0.13929 0.66339 0.19728 3.2616e-05 0 0
0.61261 0 0 0 0.13708 0.66282 0.20006 4.18e-05 0 0
0.61361 0 0 0 0.1349 0.66219 0.20286 5.2563e-05 0 0
0.61461 0 0 0 0.13273 0.66152 0.20568 6.5031e-05 0 0
0.61562 0 0 0 0.1306 0.66081 0.20852 7.933e-05 0 0
0.61662 0 0 0 0.12848 0.66005 0.21137 9.5584e-05 0 0
0.61762 0 0 0 0.12639 0.65925 0.21425 0.00011392 0 0
0.61862 0 0 0 0.12432 0.6584 0.21714 0.00013446 0 0
0.61962 0 0 0 0.12227 0.65752 0.22006 0.00015734 0 0
0.62062 0 0 0 0.12025 0.65658 0.22299 0.00018267 0 0
0.62162 0 0 0 0.11825 0.65561 0.22593 0.00021058 0 0
0.62262 0 0 0 0.11627 0.6546 0.2289 0.00024121 0 0
0.62362 0 0 0 0.11431 0.65354 0.23188 0.00027466 0 0
0.62462 0 0 0 0.11237 0.65244 0.23487 0.00031108 0 0
0.62563 0 0 0 0.11046 0.6513 0.23789 0.00035058 0 0
0.62663 0 0 0 0.10857 0.65012 0.24092 0.00039328 0 0
0.62763 0 0 0 0.1067 0.6489 0.24396 0.00043933 0 0
0.62863 0 0 0 0.10485 0.64764 0.24702 0.00048883 0 0
0.62963 0 0 0 0.10302 0.64634 0.25009 0.00054192 0 0
0.63063 0 0 0 0.10122 0.64501 0.25318 0.00059872 0 0
0.63163 0 0 0 0.099435 0.64363 0.25627 0.00065936 0 0
0.63263 0 0 0 0.097672 0.64222 0.25939 0.00072396 0 0
0.63363 0 0 0 0.09593 0.64076 0.26251 0.00079265 0 0
0.63463 0 0 0 0.094209 0.63927 0.26565 0.00086555 0 0
0.63564 0 0 0 0.092509 0.63775 0.2688 0.00094278 0 0
0.63664 0 0 0 0.090829 0.63618 0.27196 0.0010245 0 0
0.63764 0 0 0 0.089169 0.63458 0.27514 0.0011108 0 0
0.63864 0 0 0 0.08753 0.63295 0.27832 0.0012018 0 0
0.63964 0 0 0 0.085911 0.63128 0.28151 0.0012976 0 0
0.64064 0 0 0 0.084312 0.62957 0.28472 0.0013984 0 0
0.64164 0 0 0 0.082734 0.62783 0.28793 0.0015043 0 0
0.64264 0 0 0 0.081175 0.62605 0.29116 0.0016154 0 0
0.64364 0 0 0 0.079635 0.62424 0.29439 0.0017319 0 0
0.64464 0 0 0 0.078116 0.6224 0.29763 0.0018538 0 0
0.64565 0 0 0 0.076615 0.62052 0.30088 0.0019813 0 0
0.64665 0 0 0 0.075134 0.61861 0.30414 0.0021146 0 0
0.64765 0 0 0 0.073673 0.61667 0.3074 0.0022536 0 0
0.64865 0 0 0 0.07223 0.6147 0.31068 0.0023987 0 0
0.64965 0 0 0 0.070806 0.61269 0.31395 0.0025498 0 0
0.65065 0 0 0 0.069401 0.61065 0.31724 0.0027072 0 0
0.65165 0 0 0 0.068015 0.60858 0.32053 0.0028709 0 0
0.65265 0 0 0 0.066648 0.60648 0.32383 0.003041 0 0
0.65365 0 0 0 0.065299 0.60435 0.32713 0.0032178 0 0
0.65465 0 0 0 0.063968 0.60219 0.33044 0.0034013 0 0
0.65566 0 0 0 0.062655 0.6 0.33375 0.0035916 0 0
0.65666 0 0 0 0.061361 0.59778 0.33707 0.0037889 0 0
0.65766 0 0 0 0.060084 0.59554 0.34039 0.0039933 0 0
0.65866 0 0 0 0.058826 0.59326 0.34371 0.0042049 0 0
0.65966 0 0 0 0.057585 0.59096 0.34704 0.0044239 0 0
0.66066 0 0 0 0.056361 0.58862 0.35036 0.0046503 0 0
0.66166 0 0 0 0.055155 0.58627 0.35369 0.0048843 0 0
0.66266 0 0 0 0.053967 0.58388 0.35703 0.0051261 0 0
0.66366 0 0 0 0.052795 0.58147 0.36036 0.0053757 0 0
0.66466 0 0 0 0.051641 0.57903 0.3637 0.0056333 0 0
0.66567 0 0 0 0.050503 0.57656 0.36703 0.0058989 0 0
0.66667 0 0 0 0.049383 0.57407 0.37037 0.0061728 0 0
0.66767 0 0 0 0.048279 0.57156 0.37371 0.0064551 0 0
0.66867 0 0 0 0.047192 0.56902 0.37704 0.0067458 0 0
0.66967 0 0 0 0.046121 0.56646 0.38038 0.0070451 0 0
0.67067 0 0 0 0.045066 0.56387 0.38371 0.0073532 0 0
0.67167 0 0 0 0.044028 0.56126 0.38705 0.0076701 0 0
0.67267 0 0 0 0.043005 0.55862 0.39038 0.007996 0 0
0.67367 0 0 0 0.041999 0.55596 0.39371 0.008331 0 0
0.67467 0 0 0 0.041009 0.55328 0.39703 0.0086752 0 0
0.67568 0 0 0 0.040034 0.55058 0.40035 0.0090288 0 0
0.67668 0 0 0 0.039075 0.54786 0.40367 0.0093918 0 0
0.67768 0 0 0 0.038131 0.54511 0.40699 0.0097644 0 0
0.67868 0 0 0 0.037202 0.54235 0.4103 0.010147 0 0
0.67968 0 0 0 0.036289 0.53956 0.41361 0.010539 0 0
0.68068 0 0 0 0.035391 0.53676 0.41691 0.010941 0 0
0.68168 0 0 0 0.034508 0.53393 0.42021 0.011354 0 0
0.68268 0 0 0 0.033639 0.53108 0.4235 0.011776 0 0
0.68368 0 0 0 0.032785 0.52822 0.42679 0.012209 0 0
0.68468 0 0 0 0.031946 0.52534 0.43006 0.012652 0 0
0.68569 0 0 0 0.031122 0.52243 0.43334 0.013106 0 0
0.68669 0 0 0 0.030311 0.51952 0.4366 0.013571 0 0
0.68769 0 0 0 0.029515 0.51658 0.43986 0.014047 0 0
0.68869 0 0 0 0.028733 0.51362 0.44311 0.014533 0 0
0.68969 0 0 0 0.027965 0.51065 0.44635 0.015031 0 0
0.69069 0 0 0 0.02721 0.50767 0.44958 0.01554 0 0
0.69169 0 0 0 0.026469 0.50466 0.45281 0.01606 0 0
0.69269 0 0 0 0.025742 0.50164 0.45602 0.016592 0 0
0.69369 0 0 0 0.025029 0.49861 0.45923 0.017135 0 0
0.69469 0 0 0 0.024328 0.49556 0.46242 0.01769 0 0
0.6957 0 0 0 0.023641 0.4925 0.4656 0.018257 0 0
0.6967 0 0 0 0.022967 0.48942 0.46878 0.018836 0 0
0.6977 0 0 0 0.022306 0.48633 0.47194 0.019427 0 0
0.6987 0 0 0 0.021657 0.48322 0.47509 0.020031 0 0
0.6997 0 0 0 0.021022 0.4801 0.47823 0.020646 0 0
0.7007 0 0 0 0.020398 0.47697 0.48135 0.021274 0 0
0.7017 0 0 0 0.019788 0.47383 0.48447 0.021915 0 0
0.7027 0 0 0 0.019189 0.47068 0.48757 0.022569 0 0
0.7037 0 0 0 0.018603 0.46751 0.49065 0.023235 0 0
0.7047 0 0 0 0.018029 0.46433 0.49372 0.023914 0 0
0.70571 0 0 0 0.017467 0.46114 0.49678 0.024607 0 0
0.70671 0 0 0 0.016916 0.45795 0.49983 0.025312 0 0
0.70771 0 0 0 0.016378 0.45474 0.50285 0.026031 0 0
0.70871 0 0 0 0.015851 0.45152 0.50587 0.026764 0 0
0.70971 0 0 0 0.015335 0.44829 0.50886 0.02751 0 0
0.71071 0 0 0 0.014831 0.44506 0.51184 0.02827 0 0
0.71171 0 0 0 0.014337 0.44181 0.51481 0.029044 0 0
0.71271 0 0 0 0.013855 0.43856 0.51776 0.029832 0 0
0.71371 0 0 0 0.013384 0.4353 0.52069 0.030634 0 0
0.71471 0 0 0 0.012924 0.43203 0.5236 0.03145 0 0
0.71572 0 0 0 0.012474 0.42875 0.52649 0.03228 0 0
0.71672 0 0 0 0.012035 0.42547 0.52937 0.033125 0 0
0.71772 0 0 0 0.011606 0.42218 0.53222 0.033985 0 0
0.71872 0 0 0 0.011187 0.41889 0.53506 0.034859 0 0
0.71972 0 0 0 0.010779 0.41559 0.53788 0.035748 0 0
0.72072 0 0 0 0.010381 0.41229 0.54068 0.036653 0 0
0.72172 0 0 0 0.0099927 0.40898 0.54346 0.037572 0 0
0.72272 0 0 0 0.0096142 0.40566 0.54621 0.038506 0 0
0.72372 0 0 0 0.0092454 0.40235 0.54895 0.039456 0 0
0.72472 0 0 0 0.0088862 0.39903 0.55167 0.040422 0 0
0.72573 0 0 0 0.0085364 0.3957 0.55436 0.041403 0 0
0.72673 0 0 0 0.0081959 0.39237 0.55703 0.0424 0 0
0.72773 0 0 0 0.0078646 0.38904 0.55968 0.043412 0 0
0.72873 0 0 0 0.0075423 0.38571 0.5623 0.044441 0 0
0.72973 0 0 0 0.0072289 0.38238 0.56491 0.045486 0 0
0.73073 0 0 0 0.0069244 0.37904 0.56748 0.046547 0 0
0.73173 0 0 0 0.0066285 0.37571 0.57004 0.047624 0 0
0.73273 0 0 0 0.0063412 0.37237 0.57257 0.048718 0 0
0.73373 0 0 0 0.0060623 0.36904 0.57507 0.049829 0 0
0.73473 0 0 0 0.0057917 0.3657 0.57755 0.050956 0 0
0.73574 0 0 0 0.0055293 0.36236 0.58001 0.0521 0 0
0.73674 0 0 0 0.0052749 0.35903 0.58244 0.053262 0 0
0.73774 0 0 0 0.0050284 0.35569 0.58484 0.05444 0 0
0.73874 0 0 0 0.0047898 0.35236 0.58721 0.055635 0 0
0.73974 0 0 0 0.0045588 0.34903 0.58956 0.056848 0 0
0.74074 0 0 0 0.0043354 0.3457 0.59188 0.058079 0 0
0.74174 0 0 0 0.0041194 0.34238 0.59417 0.059327 0 0
0.74274 0 0 0 0.0039107 0.33906 0.59644 0.060593 0 0
0.74374 0 0 0 0.0037091 0.33574 0.59867 0.061876 0 0
0.74474 0 0 0 0.0035146 0.33243 0.60088 0.063178 0 0
0.74575 0 0 0 0.0033271 0.32912 0.60306 0.064498 0 0
0.74675 0 0 0 0.0031463 0.32581 0.60521 0.065836 0 0
0.74775 0 0 0 0.0029722 0.32251 0.60733 0.067193 0 0
0.74875 0 0 0 0.0028046 0.31921 0.60941 0.068568 0 0
0.74975 0 0 0 0.0026435 0.31593 0.61147 0.069961 0 0
0.75075 0 0 0 0.0024886 0.31264 0.6135 0.071374 0 0
0.75175 0 0 0 0.0023399 0.30937 0.61549 0.072805 0 0
0.75275 0 0 0 0.0021973 0.3061 0.61745 0.074255 0 0
0.75375 0 0 0 0.0020606 0.30283 0.61938 0.075724 0 0
0.75475 0 0 0 0.0019296 0.29958 0.62128 0.077213 0 0
0.75576 0 0 0 0.0018044 0.29633 0.62314 0.078721 0 0
0.75676 0 0 0 0.0016847 0.2931 0.62497 0.080249 0 0
0.75776 0 0 0 0.0015704 0.28987 0.62677 0.081796 0 0
0.75876 0 0 0 0.0014613 0.28665 0.62853 0.083363 0 0
0.75976 0 0 0 0.0013575 0.28344 0.63026 0.08495 0 0
0.76076 0 0 0 0.0012587 0.28024 0.63195 0.086556 0 0
0.76176 0 0 0 0.0011648 0.27704 0.63361 0.088183 0 0
0.76276 0 0 0 0.0010757 0.27387 0.63523 0.089831 0 0
0.76376 0 0 0 0.00099126 0.2707 0.63681 0.091498 0 0
0.76476 0 0 0 0.00091136 0.26754 0.63836 0.093186 0 0
0.76577 0 0 0 0.00083587 0.26439 0.63987 0.094895 0 0
0.76677 0 0 0 0.00076467 0.26126 0.64135 0.096625 0 0
0.76777 0 0 0 0.00069764 0.25814 0.64279 0.098375 0 0
0.76877 0 0 0 0.00063464 0.25503 0.64419 0.10015 0 0
0.76977 0 0 0 0.00057555 0.25194 0.64555 0.10194 0 0
0.77077 0 0 0 0.00052025 0.24886 0.64687 0.10375 0 0
0.77177 0 0 0 0.00046861 0.24579 0.64815 0.10559 0 0
0.77277 0 0 0 0.0004205 0.24274 0.6494 0.10744 0 0
0.77377 0 0 0 0.00037581 0.2397 0.6506 0.10932 0 0
0.77477 0 0 0 0.0003344 0.23668 0.65176 0.11122 0 0
0.77578 0 0 0 0.00029615 0.23367 0.65288 0.11315 0 0
0.77678 0 0 0 0.00026093 0.23068 0.65397 0.11509 0 0
0.77778 0 0 0 0.00022862 0.22771 0.65501 0.11706 0 0
0.77878 0 0 0 0.0001991 0.22475 0.65601 0.11904 0 0
0.77978 0 0 0 0.00017223 0.22181 0.65696 0.12105 0 0
0.78078 0 0 0 0.0001479 0.21889 0.65788 0.12309 0 0
0.78178 0 0 0 0.00012597 0.21598 0.65875 0.12514 0 0
0.78278 0 0 0 0.00010633 0.2131 0.65957 0.12722 0 0
0.78378 0 0 0 8.884e-05 0.21023 0.66036 0.12932 0 0
0.78478 0 0 0 7.3383e-05 0.20738 0.6611 0.13145 0 0
0.78579 0 0 0 5.9831e-05 0.20455 0.6618 0.1336 0 0
0.78679 0 0 0 4.806e-05 0.20174 0.66245 0.13577 0 0
0.78779 0 0 0 3.7944e-05 0.19895 0.66305 0.13796 0 0
0.78879 0 0 0 2.9357e-05 0.19618 0.66361 0.14018 0 0
0.78979 0 0 0 2.2175e-05 0.19343 0.66413 0.14242 0 0
0.79079 0 0 0 1.6271e-05 0.1907 0.6646 0.14469 0 0
0.79179 0 0 0 1.1521e-05 0.18799 0.66502 0.14698 0 0
0.79279 0 0 0 7.7994e-06 0.18531 0.66539 0.14929 0 0
0.79379 0 0 0 4.9801e-06 0.18265 0.66572 0.15163 0 0
0.79479 0 0 0 2.9381e-06 0.18001 0.666 0.15399 0 0
0.7958 0 0 0 1.5481e-06 0.17739 0.66623 0.15638 0 0
0.7968 0 0 0 6.8472e-07 0.1748 0.66641 0.15879 0 0
0.7978 0 0 0 2.225e-07 0.17223 0.66655 0.16122 0 0
0.7988 0 0 0 3.6108e-08 0.16969 0.66663 0.16368 0 0
0.7998 0 0 0 1.6717e-10 0.16717 0.66667 0.16617 0 0
0.8008 0 0 0 0 0.16467 0.66665 0.16868 1.0699e-08 0
0.8018 0 0 0 0 0.1622 0.66659 0.17121 1.2187e-07 0
0.8028 0 0 0 0 0.15976 0.66647 0.17377 4.5871e-07 0
0.8038 0 0 0 0 0.15734 0.66631 0.17635 1.1466e-06 0
0.8048 0 0 0 0 0.15494 0.6661 0.17896 2.3109e-06 0
0.80581 0 0 0 0 0.15257 0.66584 0.18159 4.0771e-06 0
0.80681 0 0 0 0 0.15022 0.66553 0.18424 6.5704e-06 0
0.80781 0 0 0 0 0.1479 0.66517 0.18692 9.9162e-06 0
0.80881 0 0 0 0 0.1456 0.66477 0.18962 1.424e-05 0
0.80981 0 0 0 0 0.14333 0.66432 0.19234 1.9667e-05 0
0.81081 0 0 0 0 0.14107 0.66382 0.19508 2.6323e-05 0
0.81181 0 0 0 0 0.13885 0.66328 0.19784 3.4333e-05 0
0.81281 0 0 0 0 0.13664 0.66269 0.20062 4.3822e-05 0
0.81381 0 0 0 0 0.13446 0.66206 0.20342 5.4916e-05 0
0.81481 0 0 0 0 0.13231 0.66138 0.20624 6.774e-05 0
0.81582 0 0 0 0 0.13017 0.66066 0.20909 8.242e-05 0
0.81682 0 0 0 0 0.12806 0.65989 0.21195 9.9081e-05 0
0.81782 0 0 0 0 0.12597 0.65908 0.21483 0.00011785 0
0.81882 0 0 0 0 0.12391 0.65823 0.21772 0.00013885 0
0.81982 0 0 0 0 0.12187 0.65733 0.22064 0.0001622 0
0.82082 0 0 0 0 0.11985 0.65639 0.22357 0.00018804 0
0.82182 0 0 0 0 0.11785 0.65541 0.22652 0.00021649 0
0.82282 0 0 0 0 0.11587 0.65439 0.22949 0.00024767 0
0.82382 0 0 0 0 0.11392 0.65332 0.23248 0.0002817 0
0.82482 0 0 0 0 0.11199 0.65222 0.23548 0.00031873 0
0.82583 0 0 0 0 0.11008 0.65107 0.23849 0.00035886 0
0.82683 0 0 0 0 0.10819 0.64988 0.24152 0.00040222 0
0.82783 0 0 0 0 0.10633 0.64865 0.24457 0.00044895 0
0.82883 0 0 0 0 0.10448 0.64739 0.24763 0.00049916 0
0.82983 0 0 0 0 0.10266 0.64608 0.25071 0.00055298 0
0.83083 0 0 0 0 0.10086 0.64473 0.25379 0.00061054 0
0.83183 0 0 0 0 0.099081 0.64335 0.2569 0.00067196 0
0.83283 0 0 0 0 0.097322 0.64193 0.26001 0.00073737 0
0.83383 0 0 0 0 0.095584 0.64047 0.26314 0.00080689 0
0.83483 0 0 0 0 0.093867 0.63897 0.26628 0.00088064 0
0.83584 0 0 0 0 0.092171 0.63744 0.26943 0.00095876 0
0.83684 0 0 0 0 0.090495 0.63587 0.2726 0.0010414 0
0.83784 0 0 0 0 0.08884 0.63426 0.27577 0.0011286 0
0.83884 0 0 0 0 0.087205 0.63262 0.27896 0.0012206 0
0.83984 0 0 0 0 0.08559 0.63094 0.28215 0.0013174 0
0.84084 0 0 0 0 0.083995 0.62922 0.28536 0.0014192 0
0.84184 0 0 0 0 0.08242 0.62748 0.28858 0.0015261 0
0.84284 0 0 0 0 0.080865 0.62569 0.2918 0.0016383 0
0.84384 0 0 0 0 0.07933 0.62388 0.29504 0.0017558 0
0.84484 0 0 0 0 0.077814 0.62203 0.29828 0.0018789 0
0.84585 0 0 0 0 0.076318 0.62014 0.30153 0.0020075 0
0.84685 0 0 0 0 0.07484 0.61823 0.30479 0.0021419 0
0.84785 0 0 0 0 0.073383 0.61628 0.30806 0.0022822 0
0.84885 0 0 0 0 0.071944 0.6143 0.31133 0.0024284 0
0.84985 0 0 0 0 0.070524 0.61228 0.31461 0.0025808 0
0.85085 0 0 0 0 0.069123 0.61024 0.3179 0.0027394 0
0.85185 0 0 0 0 0.06774 0.60816 0.32119 0.0029044 0
0.85285 0 0 0 0 0.066376 0.60606 0.32449 0.0030758 0
0.85385 0 0 0 0 0.065031 0.60392 0.32779 0.0032539 0
0.85485 0 0 0 0 0.063704 0.60176 0.3311 0.0034388 0
0.85586 0 0 0 0 0.062395 0.59956 0.33441 0.0036305 0
0.85686 0 0 0 0 0.061104 0.59734 0.33773 0.0038292 0
0.85786 0 0 0 0 0.059831 0.59508 0.34105 0.004035 0
0.85886 0 0 0 0 0.058576 0.5928 0.34437 0.0042481 0
0.85986 0 0 0 0 0.057339 0.59049 0.3477 0.0044685 0
0.86086 0 0 0 0 0.056119 0.58816 0.35103 0.0046965 0
0.86186 0 0 0 0 0.054916 0.58579 0.35436 0.0049321 0
0.86286 0 0 0 0 0.053731 0.5834 0.35769 0.0051754 0
0.86386 0 0 0 0 0.052563 0.58098 0.36103 0.0054266 0
0.86486 0 0 0 0 0.051412 0.57854 0.36436 0.0056857 0
0.86587 0 0 0 0 0.050278 0.57607 0.3677 0.0059531 0
0.86687 0 0 0 0 0.049161 0.57357 0.37104 0.0062286 0
0.86787 0 0 0 0 0.04806 0.57105 0.37437 0.0065126 0
0.86887 0 0 0 0 0.046976 0.56851 0.37771 0.006805 0
0.86987 0 0 0 0 0.045908 0.56594 0.38105 0.0071061 0
0.87087 0 0 0 0 0.044857 0.56335 0.38438 0.0074159 0
0.87187 0 0 0 0 0.043822 0.56073 0.38771 0.0077346 0
0.87287 0 0 0 0 0.042803 0.55809 0.39104 0.0080623 0
0.87387 0 0 0 0 0.0418 0.55543 0.39437 0.0083991 0
0.87487 0 0 0 0 0.040812 0.55275 0.3977 0.0087451 0
0.87588 0 0 0 0 0.039841 0.55004 0.40102 0.0091006 0
0.87688 0 0 0 0 0.038885 0.54731 0.40434 0.0094656 0
0.87788 0 0 0 0 0.037944 0.54456 0.40765 0.0098401 0
0.87888 0 0 0 0 0.037018 0.54179 0.41096 0.010224 0
0.87988 0 0 0 0 0.036108 0.539 0.41427 0.010619 0
0.88088 0 0 0 0 0.035213 0.53619 0.41757 0.011023 0
0.88188 0 0 0 0 0.034333 0.53336 0.42087 0.011437 0
0.88288 0 0 0 0 0.033467 0.53051 0.42416 0.011862 0
0.88388 0 0 0 0 0.032616 0.52764 0.42744 0.012297 0
0.88488 0 0 0 0 0.03178 0.52476 0.43072 0.012742 0
0.88589 0 0 0 0 0.030958 0.52185 0.43399 0.013198 0
0.88689 0 0 0 0 0.030151 0.51893 0.43725 0.013665 0
0.88789 0 0 0 0 0.029357 0.51599 0.44051 0.014143 0
0.88889 0 0 0 0 0.028578 0.51303 0.44376 0.014632 0
0.88989 0 0 0 0 0.027813 0.51006 0.447 0.015132 0
0.89089 0 0 0 0 0.027061 0.50707 0.45023 0.015643 0
0.89189 0 0 0 0 0.026323 0.50406 0.45345 0.016166 0
0.89289 0 0 0 0 0.025598 0.50104 0.45666 0.0167 0
0.89389 0 0 0 0 0.024887 0.498 0.45987 0.017245 0
0.89489 0 0 0 0 0.02419 0.49495 0.46306 0.017803 0
0.8959 0 0 0 0 0.023505 0.49188 0.46624 0.018372 0
0.8969 0 0 0 0 0.022834 0.4888 0.46941 0.018953 0
0.8979 0 0 0 0 0.022175 0.48571 0.47257 0.019547 0
0.8989 0 0 0 0 0.021529 0.4826 0.47572 0.020153 0
0.8999 0 0 0 0 0.020896 0.47948 0.47885 0.020771 0
0.9009 0 0 0 0 0.020275 0.47635 0.48198 0.021401 0
0.9019 0 0 0 0 0.019667 0.4732 0.48509 0.022045 0
0.9029 0 0 0 0 0.019071 0.47004 0.48818 0.022701 0
0.9039 0 0 0 0 0.018487 0.46688 0.49127 0.02337 0
0.9049 0 0 0 0 0.017916 0.4637 0.49434 0.024052 0
0.90591 0 0 0 0 0.017356 0.46051 0.49739 0.024747 0
0.90691 0 0 0 0 0.016808 0.45731 0.50043 0.025455 0
0.90791 0 0 0 0 0.016271 0.45409 0.50346 0.026177 0
0.90891 0 0 0 0 0.015747 0.45087 0.50647 0.026912 0
0.90991 0 0 0 0 0.015233 0.44765 0.50946 0.027661 0
0.91091 0 0 0 0 0.014731 0.44441 0.51244 0.028424 0
0.91191 0 0 0 0 0.01424 0.44116 0.5154 0.0292 0
0.91291 0 0 0 0 0.01376 0.43791 0.51834 0.029991 0
0.91391 0 0 0 0 0.013291 0.43464 0.52127 0.030796 0
0.91491 0 0 0 0 0.012833 0.43137 0.52418 0.031615 0
0.91592 0 0 0 0 0.012385 0.4281 0.52707 0.032448 0
0.91692 0 0 0 0 0.011948 0.42482 0.52994 0.033296 0
0.91792 0 0 0 0 0.011521 0.42153 0.53279 0.034158 0
0.91892 0 0 0 0 0.011105 0.41823 0.53563 0.035036 0
0.91992 0 0 0 0 0.010699 0.41493 0.53844 0.035928 0
0.92092 0 0 0 0 0.010303 0.41163 0.54124 0.036835 0
0.92192 0 0 0 0 0.0099162 0.40832 0.54401 0.037758 0
0.92292 0 0 0 0 0.0095397 0.405 0.54676 0.038695 0
0.92392 0 0 0 0 0.0091728 0.40168 0.5495 0.039648 0
0.92492 0 0 0 0 0.0088155 0.39836 0.55221 0.040617 0
0.92593 0 0 0 0 0.0084675 0.39504 0.5549 0.041601 0
0.92693 0 0 0 0 0.0081289 0.39171 0.55756 0.042601 0
0.92793 0 0 0 0 0.0077994 0.38838 0.56021 0.043617 0
0.92893 0 0 0 0 0.0074789 0.38505 0.56283 0.044649 0
0.92993 0 0 0 0 0.0071673 0.38171 0.56542 0.045697 0
0.93093 0 0 0 0 0.0068645 0.37838 0.568 0.046761 0
0.93193 0 0 0 0 0.0065704 0.37504 0.57055 0.047842 0
0.93293 0 0 0 0 0.0062847 0.37171 0.57307 0.048939 0
0.93393 0 0 0 0 0.0060075 0.36837 0.57557 0.050053 0
0.93493 0 0 0 0 0.0057386 0.36503 0.57805 0.051184 0
0.93594 0 0 0 0 0.0054778 0.3617 0.58049 0.052331 0
0.93694 0 0 0 0 0.005225 0.35836 0.58292 0.053496 0
0.93794 0 0 0 0 0.0049801 0.35503 0.58531 0.054678 0
0.93894 0 0 0 0 0.004743 0.3517 0.58768 0.055877 0
0.93994 0 0 0 0 0.0045135 0.34837 0.59003 0.057093 0
0.94094 0 0 0 0 0.0042916 0.34504 0.59234 0.058327 0
0.94194 0 0 0 0 0.0040771 0.34171 0.59463 0.059579 0
0.94294 0 0 0 0 0.0038698 0.33839 0.59689 0.060848 0
0.94394 0 0 0 0 0.0036697 0.33508 0.59912 0.062135 0
0.94494 0 0 0 0 0.0034766 0.33176 0.60132 0.063441 0
0.94595 0 0 0 0 0.0032904 0.32845 0.60349 0.064764 0
0.94695 0 0 0 0 0.0031109 0.32515 0.60563 0.066106 0
0.94795 0 0 0 0 0.0029381 0.32185 0.60775 0.067466 0
0.94895 0 0 0 0 0.0027719 0.31856 0.60983 0.068845 0
0.94995 0 0 0 0 0.002612 0.31527 0.61188 0.070242 0
0.95095 0 0 0 0 0.0024584 0.31199 0.6139 0.071658 0
0.95195 0 0 0 0 0.0023109 0.30871 0.61588 0.073093 0
0.95295 0 0 0 0 0.0021695 0.30544 0.61784 0.074547 0
0.95395 0 0 0 0 0.0020339 0.30218 0.61976 0.076021 0
0.95495 0 0 0 0 0.0019041 0.29893 0.62165 0.077513 0
0.95596 0 0 0 0 0.00178 0.29569 0.62351 0.079025 0
0.95696 0 0 0 0 0.0016614 0.29245 0.62533 0.080556 0
0.95796 0 0 0 0 0.0015481 0.28922 0.62712 0.082108 0
0.95896 0 0 0 0 0.0014402 0.286 0.62888 0.083678 0
0.95996 0 0 0 0 0.0013373 0.28279 0.6306 0.085269 0
0.96096 0 0 0 0 0.0012395 0.2796 0.63228 0.08688 0
0.96196 0 0 0 0 0.0011466 0.27641 0.63393 0.088511 0
0.96296 0 0 0 0 0.0010584 0.27323 0.63555 0.090162 0
0.96396 0 0 0 0 0.00097492 0.27006 0.63713 0.091834 0
0.96496 0 0 0 0 0.00089591 0.26691 0.63867 0.093526 0
0.96597 0 0 0 0 0.00082129 0.26377 0.64017 0.095239 0
0.96697 0 0 0 0 0.00075094 0.26064 0.64164 0.096973 0
0.96797 0 0 0 0 0.00068472 0.25752 0.64307 0.098728 0
0.96897 0 0 0 0 0.00062251 0.25441 0.64446 0.1005 0
0.96997 0 0 0 0 0.00056419 0.25132 0.64581 0.1023 0
0.97097 0 0 0 0 0.00050963 0.24824 0.64713 0.10412 0
0.97197 0 0 0 0 0.00045871 0.24518 0.6484 0.10596 0
0.97297 0 0 0 0 0.0004113 0.24213 0.64964 0.10782 0
0.97397 0 0 0 0 0.00036727 0.2391 0.65083 0.1097 0
0.97497 0 0 0 0 0.0003265 0.23608 0.65199 0.11161 0
0.97598 0 0 0 0 0.00028887 0.23307 0.6531 0.11353 0
0.97698 0 0 0 0 0.00025424 0.23009 0.65418 0.11548 0
0.97798 0 0 0 0 0.0002225 0.22712 0.65521 0.11745 0
0.97898 0 0 0 0 0.00019352 0.22416 0.6562 0.11944 0
0.97998 0 0 0 0 0.00016717 0.22123 0.65715 0.12146 0
0.98098 0 0 0 0 0.00014333 0.21831 0.65805 0.1235 0
0.98198 0 0 0 0 0.00012187 0.2154 0.65892 0.12556 0
0.98298 0 0 0 0 0.00010266 0.21252 0.65974 0.12764 0
0.98398 0 0 0 0 8.559e-05 0.20966 0.66051 0.12975 0
0.98498 0 0 0 0 7.0524e-05 0.20681 0.66124 0.13188 0
0.98599 0 0 0 0 5.7339e-05 0.20398 0.66193 0.13403 0
0.98699 0 0 0 0 4.5908e-05 0.20118 0.66257 0.1362 0
0.98799 0 0 0 0 3.6108e-05 0.19839 0.66317 0.1384 0
0.98899 0 0 0 0 2.7813e-05 0.19563 0.66372 0.14063 0
0.98999 0 0 0 0 2.0896e-05 0.19288 0.66422 0.14287 0
0.99099 0 0 0 0 1.5233e-05 0.19016 0.66468 0.14514 0
0.99199 0 0 0 0 1.0699e-05 0.18746 0.6651 0.14744 0
0.99299 0 0 0 0 7.1673e-06 0.18478 0.66546 0.14976 0
0.99399 0 0 0 0 4.5135e-06 0.18212 0.66578 0.1521 0
0.99499 0 0 0 0 2.612e-06 0.17948 0.66605 0.15446 0
0.996 0 0 0 0 1.3373e-06 0.17687 0.66627 0.15686 0
0.997 0 0 0 0 5.6419e-07 0.17429 0.66644 0.15927 0
0.998 0 0 0 0 1.6717e-07 0.17172 0.66657 0.16171 0
0.999 0 0 0 0 2.0896e-08 0.16918 0.66664 0.16418 0
1 0 0 0 0 0 0.16667 0.66667 0.16667 0
