x B1 B2 B3 B4 B5 B6 B7 B8 knots
0 0.01707 0.47021 0.51272 0 0 0 0 0 -0.6
0.001001 0.016883 0.46918 0.51394 2.8509e-09 0 0 0 0 -0.4
0.002002 0.016696 0.46815 0.51516 2.291e-08 0 0 0 0 -0.2
0.003003 0.01651 0.46711 0.51638 7.7671e-08 0 0 0 0 0
0.004004 0.016325 0.46607 0.51761 1.8494e-07 0 0 0 0 0.042846
0.005005 0.01614 0.46502 0.51884 3.6285e-07 0 0 0 0 0.12125
0.006006 0.015957 0.46396 0.52008 6.2984e-07 0 0 0 0 0.2642
0.007007 0.015774 0.46289 0.52133 1.0047e-06 0 0 0 0 0.52482
0.008008 0.015593 0.46182 0.52258 1.5065e-06 0 0 0 0 1
0.009009 0.015412 0.46075 0.52384 2.1547e-06 0 0 0 0 1.2
0.01001 0.015232 0.45967 0.5251 2.9692e-06 0 0 0 0 1.4
0.011011 0.015052 0.45858 0.52637 3.9699e-06 0 0 0 0 1.6
0.012012 0.014874 0.45748 0.52764 5.1774e-06 0 0 0 0 0
0.013013 0.014697 0.45638 0.52892 6.6125e-06 0 0 0 0 0
0.014014 0.01452 0.45527 0.5302 8.2964e-06 0 0 0 0 0
0.015015 0.014344 0.45415 0.53149 1.0251e-05 0 0 0 0 0
0.016016 0.01417 0.45303 0.53279 1.2497e-05 0 0 0 0 0
0.017017 0.013996 0.4519 0.53409 1.5058e-05 0 0 0 0 0
0.018018 0.013823 0.45077 0.53539 1.7956e-05 0 0 0 0 0
0.019019 0.013651 0.44963 0.5367 2.1214e-05 0 0 0 0 0
0.02002 0.01348 0.44848 0.53802 2.4856e-05 0 0 0 0 0
0.021021 0.01331 0.44732 0.53934 2.8905e-05 0 0 0 0 0
0.022022 0.013141 0.44616 0.54066 3.3386e-05 0 0 0 0 0
0.023023 0.012972 0.44499 0.54199 3.8323e-05 0 0 0 0 0
0.024024 0.012805 0.44382 0.54333 4.3741e-05 0 0 0 0 0
0.025025 0.012639 0.44264 0.54467 4.9666e-05 0 0 0 0 0
0.026026 0.012473 0.44145 0.54602 5.6123e-05 0 0 0 0 0
0.027027 0.012309 0.44026 0.54737 6.3138e-05 0 0 0 0 0
0.028028 0.012145 0.43906 0.54873 7.0739e-05 0 0 0 0 0
0.029029 0.011983 0.43785 0.55009 7.8952e-05 0 0 0 0 0
0.03003 0.011821 0.43664 0.55146 8.7804e-05 0 0 0 0 0
0.031031 0.01166 0.43542 0.55283 9.7325e-05 0 0 0 0 0
0.032032 0.011501 0.43419 0.5542 0.00010754 0 0 0 0 0
0.033033 0.011342 0.43295 0.55558 0.00011848 0 0 0 0 0
0.034034 0.011185 0.43171 0.55697 0.00013018 0 0 0 0 0
0.035035 0.011028 0.43047 0.55836 0.00014266 0 0 0 0 0
0.036036 0.010872 0.42921 0.55976 0.00015595 0 0 0 0 0
0.037037 0.010718 0.42795 0.56116 0.00017009 0 0 0 0 0
0.038038 0.010564 0.42669 0.56256 0.00018511 0 0 0 0 0
0.039039 0.010412 0.42541 0.56397 0.00020103 0 0 0 0 0
0.04004 0.01026 0.42413 0.56539 0.00021789 0 0 0 0 0
0.041041 0.01011 0.42285 0.56681 0.00023572 0 0 0 0 0
0.042042 0.0099601 0.42155 0.56823 0.00025456 0 0 0 0 0
0.043043 0.0098116 0.42025 0.56966 0.00027444 0 0 0 0 0
0.044044 0.0096642 0.41895 0.57109 0.0002954 0 0 0 0 0
0.045045 0.0095179 0.41763 0.57253 0.00031746 0 0 0 0 0
0.046046 0.0093726 0.41631 0.57397 0.00034066 0 0 0 0 0
0.047047 0.0092283 0.41499 0.57542 0.00036504 0 0 0 0 0
0.048048 0.0090851 0.41365 0.57687 0.00039064 0 0 0 0 0
0.049049 0.008943 0.41231 0.57833 0.00041749 0 0 0 0 0
0.05005 0.0088019 0.41097 0.57978 0.00044563 0 0 0 0 0
0.051051 0.008662 0.40962 0.58125 0.00047509 0 0 0 0 0
0.052052 0.0085231 0.40826 0.58272 0.00050592 0 0 0 0 0
0.053053 0.0083852 0.40689 0.58419 0.00053816 0 0 0 0 0
0.054054 0.0082485 0.40552 0.58566 0.00057183 0 0 0 0 0
0.055055 0.0081129 0.40414 0.58714 0.000607 0 0 0 0 0
0.056056 0.0079783 0.40275 0.58863 0.00064369 0 0 0 0 0
0.057057 0.0078449 0.40136 0.59011 0.00068194 0 0 0 0 0
0.058058 0.0077125 0.39996 0.5916 0.0007218 0 0 0 0 0
0.059059 0.0075813 0.39856 0.5931 0.00076331 0 0 0 0 0
0.06006 0.0074511 0.39714 0.5946 0.00080652 0 0 0 0 0
0.061061 0.0073221 0.39573 0.5961 0.00085146 0 0 0 0 0
0.062062 0.0071942 0.3943 0.59761 0.00089819 0 0 0 0 0
0.063063 0.0070674 0.39287 0.59912 0.00094674 0 0 0 0 0
0.064064 0.0069417 0.39143 0.60063 0.00099717 0 0 0 0 0
0.065065 0.0068172 0.38999 0.60214 0.0010495 0 0 0 0 0
0.066066 0.0066938 0.38854 0.60366 0.0011038 0 0 0 0 0
0.067067 0.0065715 0.38708 0.60519 0.0011602 0 0 0 0 0
0.068068 0.0064504 0.38562 0.60671 0.0012185 0 0 0 0 0
0.069069 0.0063304 0.38415 0.60824 0.001279 0 0 0 0 0
0.07007 0.0062116 0.38267 0.60977 0.0013417 0 0 0 0 0
0.071071 0.0060939 0.38119 0.61131 0.0014066 0 0 0 0 0
0.072072 0.0059773 0.3797 0.61285 0.0014737 0 0 0 0 0
0.073073 0.0058619 0.37821 0.61439 0.0015431 0 0 0 0 0
0.074074 0.0057476 0.3767 0.61593 0.001615 0 0 0 0 0
0.075075 0.0056346 0.3752 0.61748 0.0016892 0 0 0 0 0
0.076076 0.0055226 0.37368 0.61903 0.0017659 0 0 0 0 0
0.077077 0.0054119 0.37216 0.62058 0.0018451 0 0 0 0 0
0.078078 0.0053023 0.37064 0.62214 0.001927 0 0 0 0 0
0.079079 0.0051938 0.3691 0.62369 0.0020114 0 0 0 0 0
0.08008 0.0050866 0.36756 0.62525 0.0020986 0 0 0 0 0
0.081081 0.0049805 0.36602 0.62681 0.0021885 0 0 0 0 0
0.082082 0.0048755 0.36447 0.62837 0.0022812 0 0 0 0 0
0.083083 0.0047718 0.36291 0.62994 0.0023768 0 0 0 0 0
0.084084 0.0046692 0.36135 0.63151 0.0024754 0 0 0 0 0
0.085085 0.0045678 0.35978 0.63308 0.0025769 0 0 0 0 0
0.086086 0.0044676 0.3582 0.63465 0.0026815 0 0 0 0 0
0.087087 0.0043686 0.35662 0.63622 0.0027892 0 0 0 0 0
0.088088 0.0042707 0.35504 0.63779 0.0029001 0 0 0 0 0
0.089089 0.0041741 0.35344 0.63937 0.0030142 0 0 0 0 0
0.09009 0.0040786 0.35184 0.64095 0.0031317 0 0 0 0 0
0.091091 0.0039843 0.35024 0.64252 0.0032525 0 0 0 0 0
0.092092 0.0038912 0.34863 0.6441 0.0033768 0 0 0 0 0
0.093093 0.0037993 0.34701 0.64568 0.0035046 0 0 0 0 0
0.094094 0.0037086 0.34539 0.64726 0.003636 0 0 0 0 0
0.095095 0.003619 0.34376 0.64885 0.003771 0 0 0 0 0
0.096096 0.0035307 0.34213 0.65043 0.0039097 0 0 0 0 0
0.097097 0.0034435 0.34049 0.65201 0.0040523 0 0 0 0 0
0.098098 0.0033576 0.33885 0.6536 0.0041987 0 0 0 0 0
0.099099 0.0032728 0.3372 0.65518 0.0043491 0 0 0 0 0
0.1001 0.0031892 0.33554 0.65677 0.0045034 0 0 0 0 0
0.1011 0.0031068 0.33388 0.65835 0.0046619 0 0 0 0 0
0.1021 0.0030256 0.33222 0.65993 0.0048245 0 0 0 0 0
0.1031 0.0029456 0.33054 0.66152 0.0049914 0 0 0 0 0
0.1041 0.0028668 0.32887 0.6631 0.0051626 0 0 0 0 0
0.10511 0.0027891 0.32719 0.66469 0.0053382 0 0 0 0 0
0.10611 0.0027127 0.3255 0.66627 0.0055183 0 0 0 0 0
0.10711 0.0026374 0.32381 0.66785 0.0057029 0 0 0 0 0
0.10811 0.0025634 0.32211 0.66944 0.0058922 0 0 0 0 0
0.10911 0.0024905 0.32041 0.67102 0.0060862 0 0 0 0 0
0.11011 0.0024188 0.3187 0.6726 0.0062851 0 0 0 0 0
0.11111 0.0023482 0.31699 0.67418 0.0064888 0 0 0 0 0
0.11211 0.0022789 0.31527 0.67575 0.0066975 0 0 0 0 0
0.11311 0.0022107 0.31355 0.67733 0.0069114 0 0 0 0 0
0.11411 0.0021437 0.31182 0.6789 0.0071303 0 0 0 0 0
0.11512 0.0020779 0.31009 0.68048 0.0073546 0 0 0 0 0
0.11612 0.0020132 0.30835 0.68205 0.0075841 0 0 0 0 0
0.11712 0.0019497 0.30661 0.68362 0.0078192 0 0 0 0 0
0.11812 0.0018874 0.30487 0.68518 0.0080597 0 0 0 0 0
0.11912 0.0018262 0.30312 0.68675 0.0083059 0 0 0 0 0
0.12012 0.0017662 0.30136 0.68831 0.0085578 0 0 0 0 0
0.12112 0.0017074 0.29961 0.68987 0.0088155 0 0 0 0 0
0.12212 0.0016497 0.29784 0.69143 0.0090792 0 0 0 0 0
0.12312 0.0015931 0.29608 0.69298 0.0093489 0 0 0 0 0
0.12412 0.0015377 0.29431 0.69453 0.0096247 0 0 0 0 0
0.12513 0.0014834 0.29253 0.69608 0.0099067 0 0 0 0 0
0.12613 0.0014303 0.29075 0.69762 0.010195 0 0 0 0 0
0.12713 0.0013783 0.28897 0.69916 0.01049 0 0 0 0 0
0.12813 0.0013274 0.28719 0.70069 0.010791 0 0 0 0 0
0.12913 0.0012776 0.2854 0.70223 0.011099 0 0 0 0 0
0.13013 0.001229 0.2836 0.70375 0.011414 0 0 0 0 0
0.13113 0.0011815 0.28181 0.70528 0.011735 0 0 0 0 0
0.13213 0.001135 0.28001 0.70679 0.012064 0 0 0 0 0
0.13313 0.0010897 0.2782 0.70831 0.0124 0 0 0 0 0
0.13413 0.0010455 0.2764 0.70982 0.012743 0 0 0 0 0
0.13514 0.0010023 0.27459 0.71132 0.013093 0 0 0 0 0
0.13614 0.00096023 0.27277 0.71282 0.01345 0 0 0 0 0
0.13714 0.00091923 0.27096 0.71431 0.013816 0 0 0 0 0
0.13814 0.00087929 0.26914 0.71579 0.014189 0 0 0 0 0
0.13914 0.00084042 0.26732 0.71727 0.014569 0 0 0 0 0
0.14014 0.00080259 0.26549 0.71875 0.014958 0 0 0 0 0
0.14114 0.00076581 0.26367 0.72021 0.015354 0 0 0 0 0
0.14214 0.00073007 0.26184 0.72167 0.015759 0 0 0 0 0
0.14314 0.00069535 0.26 0.72313 0.016172 0 0 0 0 0
0.14414 0.00066165 0.25817 0.72457 0.016594 0 0 0 0 0
0.14515 0.00062896 0.25633 0.72601 0.017024 0 0 0 0 0
0.14615 0.00059728 0.2545 0.72744 0.017463 0 0 0 0 0
0.14715 0.00056658 0.25266 0.72887 0.017911 0 0 0 0 0
0.14815 0.00053687 0.25081 0.73028 0.018367 0 0 0 0 0
0.14915 0.00050813 0.24897 0.73169 0.018833 0 0 0 0 0
0.15015 0.00048035 0.24712 0.73309 0.019308 0 0 0 0 0
0.15115 0.00045353 0.24528 0.73448 0.019792 0 0 0 0 0
0.15215 0.00042765 0.24343 0.73586 0.020286 0 0 0 0 0
0.15315 0.00040269 0.24158 0.73723 0.02079 0 0 0 0 0
0.15415 0.00037866 0.23973 0.73859 0.021303 0 0 0 0 0
0.15516 0.00035554 0.23788 0.73994 0.021826 0 0 0 0 0
0.15616 0.00033331 0.23603 0.74128 0.02236 0 0 0 0 0
0.15716 0.00031196 0.23417 0.74261 0.022904 0 0 0 0 0
0.15816 0.00029149 0.23232 0.74393 0.023458 0 0 0 0 0
0.15916 0.00027187 0.23047 0.74524 0.024022 0 0 0 0 0
0.16016 0.0002531 0.22861 0.74654 0.024598 0 0 0 0 0
0.16116 0.00023517 0.22676 0.74782 0.025184 0 0 0 0 0
0.16216 0.00021805 0.2249 0.7491 0.025782 0 0 0 0 0
0.16316 0.00020173 0.22305 0.75036 0.02639 0 0 0 0 0
0.16416 0.0001862 0.22119 0.75161 0.02701 0 0 0 0 0
0.16517 0.00017145 0.21934 0.75285 0.027642 0 0 0 0 0
0.16617 0.00015746 0.21749 0.75407 0.028285 0 0 0 0 0
0.16717 0.00014421 0.21564 0.75528 0.02894 0 0 0 0 0
0.16817 0.00013169 0.21378 0.75648 0.029607 0 0 0 0 0
0.16917 0.00011989 0.21193 0.75766 0.030286 0 0 0 0 0
0.17017 0.00010877 0.21008 0.75883 0.030978 0 0 0 0 0
0.17117 9.8342e-05 0.20824 0.75998 0.031682 0 0 0 0 0
0.17217 8.8569e-05 0.20639 0.76112 0.0324 0 0 0 0 0
0.17317 7.9441e-05 0.20455 0.76224 0.03313 0 0 0 0 0
0.17417 7.0937e-05 0.2027 0.76335 0.033873 0 0 0 0 0
0.17518 6.3041e-05 0.20086 0.76444 0.034629 0 0 0 0 0
0.17618 5.5732e-05 0.19902 0.76552 0.035399 0 0 0 0 0
0.17718 4.8992e-05 0.19719 0.76658 0.036183 0 0 0 0 0
0.17818 4.28e-05 0.19536 0.76762 0.036981 0 0 0 0 0
0.17918 3.7138e-05 0.19353 0.76865 0.037792 0 0 0 0 0
0.18018 3.1983e-05 0.1917 0.76965 0.038618 0 0 0 0 0
0.18118 2.7316e-05 0.18987 0.77064 0.039459 0 0 0 0 0
0.18218 2.3115e-05 0.18805 0.77161 0.040314 0 0 0 0 0
0.18318 1.9357e-05 0.18624 0.77256 0.041184 0 0 0 0 0
0.18418 1.6021e-05 0.18442 0.77349 0.042069 0 0 0 0 0
0.18519 1.3084e-05 0.18261 0.77441 0.04297 0 0 0 0 0
0.18619 1.0523e-05 0.18081 0.7753 0.043886 0 0 0 0 0
0.18719 8.3137e-06 0.17901 0.77617 0.044817 0 0 0 0 0
0.18819 6.4324e-06 0.17721 0.77702 0.045765 0 0 0 0 0
0.18919 4.8545e-06 0.17542 0.77785 0.046729 0 0 0 0 0
0.19019 3.5548e-06 0.17363 0.77866 0.047709 0 0 0 0 0
0.19119 2.5079e-06 0.17185 0.77944 0.048706 0 0 0 0 0
0.19219 1.6876e-06 0.17007 0.7802 0.04972 0 0 0 0 0
0.19319 1.0676e-06 0.1683 0.78094 0.050751 0 0 0 0 0
0.19419 6.2058e-07 0.16654 0.78166 0.051799 0 0 0 0 0
0.1952 3.1917e-07 0.16478 0.78235 0.052865 0 0 0 0 0
0.1962 1.3526e-07 0.16303 0.78302 0.053948 0 0 0 0 0
0.1972 4.0256e-08 0.16129 0.78367 0.055049 0 0 0 0 0
0.1982 5.0547e-09 0.15955 0.78428 0.056169 0 0 0 0 0
0.1992 0 0.15782 0.78488 0.057308 0 0 0 0 0
0.2002 0 0.15609 0.78544 0.058465 2.8097e-09 0 0 0 0
0.2012 0 0.15438 0.78598 0.05964 2.2579e-08 0 0 0 0
0.2022 0 0.15267 0.7865 0.060835 7.6549e-08 0 0 0 0
0.2032 0 0.15097 0.78698 0.062049 1.8227e-07 0 0 0 0
0.2042 0 0.14928 0.78744 0.063281 3.5761e-07 0 0 0 0
0.20521 0 0.14759 0.78788 0.064533 6.2074e-07 0 0 0 0
0.20621 0 0.14591 0.78828 0.065803 9.9018e-07 0 0 0 0
0.20721 0 0.14424 0.78866 0.067093 1.4847e-06 0 0 0 0
0.20821 0 0.14258 0.78902 0.068402 2.1236e-06 0 0 0 0
0.20921 0 0.14093 0.78934 0.069729 2.9263e-06 0 0 0 0
0.21021 0 0.13928 0.78964 0.071076 3.9125e-06 0 0 0 0
0.21121 0 0.13764 0.78991 0.072443 5.1026e-06 0 0 0 0
0.21221 0 0.13601 0.79016 0.073828 6.517e-06 0 0 0 0
0.21321 0 0.13439 0.79037 0.075233 8.1765e-06 0 0 0 0
0.21421 0 0.13277 0.79056 0.076657 1.0102e-05 0 0 0 0
0.21522 0 0.13117 0.79072 0.0781 1.2316e-05 0 0 0 0
0.21622 0 0.12957 0.79085 0.079563 1.484e-05 0 0 0 0
0.21722 0 0.12798 0.79096 0.081045 1.7697e-05 0 0 0 0
0.21822 0 0.1264 0.79103 0.082547 2.0908e-05 0 0 0 0
0.21922 0 0.12483 0.79108 0.084068 2.4497e-05 0 0 0 0
0.22022 0 0.12326 0.7911 0.085608 2.8488e-05 0 0 0 0
0.22122 0 0.12171 0.79109 0.087168 3.2904e-05 0 0 0 0
0.22222 0 0.12016 0.79106 0.088748 3.7769e-05 0 0 0 0
0.22322 0 0.11862 0.79099 0.090347 4.3109e-05 0 0 0 0
0.22422 0 0.11709 0.7909 0.091965 4.8948e-05 0 0 0 0
0.22523 0 0.11557 0.79077 0.093603 5.5311e-05 0 0 0 0
0.22623 0 0.11406 0.79062 0.095261 6.2225e-05 0 0 0 0
0.22723 0 0.11255 0.79044 0.096939 6.9716e-05 0 0 0 0
0.22823 0 0.11106 0.79023 0.098636 7.781e-05 0 0 0 0
0.22923 0 0.10957 0.78999 0.10035 8.6535e-05 0 0 0 0
0.23023 0 0.10809 0.78972 0.10209 9.5918e-05 0 0 0 0
0.23123 0 0.10662 0.78943 0.10384 0.00010599 0 0 0 0
0.23223 0 0.10516 0.7891 0.10562 0.00011677 0 0 0 0
0.23323 0 0.10371 0.78874 0.10742 0.0001283 0 0 0 0
0.23423 0 0.10227 0.78836 0.10923 0.0001406 0 0 0 0
0.23524 0 0.10084 0.78794 0.11107 0.0001537 0 0 0 0
0.23624 0 0.099418 0.78749 0.11292 0.00016763 0 0 0 0
0.23724 0 0.098004 0.78702 0.11479 0.00018243 0 0 0 0
0.23824 0 0.0966 0.78651 0.11669 0.00019812 0 0 0 0
0.23924 0 0.095205 0.78598 0.1186 0.00021474 0 0 0 0
0.24024 0 0.093819 0.78542 0.12053 0.00023232 0 0 0 0
0.24124 0 0.092443 0.78482 0.12249 0.00025089 0 0 0 0
0.24224 0 0.091076 0.7842 0.12446 0.00027048 0 0 0 0
0.24324 0 0.089718 0.78354 0.12645 0.00029113 0 0 0 0
0.24424 0 0.088371 0.78285 0.12846 0.00031287 0 0 0 0
0.24525 0 0.087032 0.78214 0.13049 0.00033574 0 0 0 0
0.24625 0 0.085704 0.78139 0.13254 0.00035977 0 0 0 0
0.24725 0 0.084385 0.78062 0.13462 0.00038499 0 0 0 0
0.24825 0 0.083075 0.77981 0.13671 0.00041145 0 0 0 0
0.24925 0 0.081776 0.77897 0.13881 0.00043919 0 0 0 0
0.25025 0 0.080486 0.7781 0.14094 0.00046822 0 0 0 0
0.25125 0 0.079206 0.7772 0.14309 0.00049861 0 0 0 0
0.25225 0 0.077936 0.77627 0.14526 0.00053038 0 0 0 0
0.25325 0 0.076675 0.77531 0.14745 0.00056357 0 0 0 0
0.25425 0 0.075425 0.77432 0.14966 0.00059822 0 0 0 0
0.25526 0 0.074185 0.7733 0.15188 0.00063438 0 0 0 0
0.25626 0 0.072954 0.77225 0.15413 0.00067208 0 0 0 0
0.25726 0 0.071734 0.77116 0.15639 0.00071137 0 0 0 0
0.25826 0 0.070524 0.77005 0.15868 0.00075228 0 0 0 0
0.25926 0 0.069324 0.7689 0.16098 0.00079486 0 0 0 0
0.26026 0 0.068134 0.76772 0.1633 0.00083916 0 0 0 0
0.26126 0 0.066954 0.76652 0.16564 0.00088521 0 0 0 0
0.26226 0 0.065784 0.76528 0.16801 0.00093306 0 0 0 0
0.26326 0 0.064625 0.76401 0.17039 0.00098276 0 0 0 0
0.26426 0 0.063476 0.76271 0.17278 0.0010343 0 0 0 0
0.26527 0 0.062337 0.76137 0.1752 0.0010879 0 0 0 0
0.26627 0 0.061209 0.76001 0.17764 0.0011434 0 0 0 0
0.26727 0 0.060091 0.75861 0.18009 0.0012009 0 0 0 0
0.26827 0 0.058983 0.75719 0.18257 0.0012606 0 0 0 0
0.26927 0 0.057886 0.75573 0.18506 0.0013223 0 0 0 0
0.27027 0 0.056799 0.75424 0.18757 0.0013862 0 0 0 0
0.27127 0 0.055723 0.75272 0.1901 0.0014524 0 0 0 0
0.27227 0 0.054657 0.75117 0.19265 0.0015208 0 0 0 0
0.27327 0 0.053602 0.74959 0.19522 0.0015916 0 0 0 0
0.27427 0 0.052557 0.74798 0.1978 0.0016648 0 0 0 0
0.27528 0 0.051523 0.74633 0.20041 0.0017404 0 0 0 0
0.27628 0 0.050499 0.74465 0.20303 0.0018185 0 0 0 0
0.27728 0 0.049487 0.74295 0.20567 0.0018991 0 0 0 0
0.27828 0 0.048484 0.74121 0.20832 0.0019824 0 0 0 0
0.27928 0 0.047493 0.73944 0.211 0.0020683 0 0 0 0
0.28028 0 0.046512 0.73764 0.21369 0.0021569 0 0 0 0
0.28128 0 0.045542 0.73581 0.2164 0.0022483 0 0 0 0
0.28228 0 0.044582 0.73394 0.21913 0.0023425 0 0 0 0
0.28328 0 0.043634 0.73205 0.22188 0.0024396 0 0 0 0
0.28428 0 0.042696 0.73013 0.22464 0.0025397 0 0 0 0
0.28529 0 0.041769 0.72817 0.22742 0.0026427 0 0 0 0
0.28629 0 0.040852 0.72618 0.23022 0.0027489 0 0 0 0
0.28729 0 0.039947 0.72417 0.23303 0.0028582 0 0 0 0
0.28829 0 0.039052 0.72212 0.23586 0.0029707 0 0 0 0
0.28929 0 0.038168 0.72004 0.23871 0.0030864 0 0 0 0
0.29029 0 0.037295 0.71793 0.24157 0.0032055 0 0 0 0
0.29129 0 0.036433 0.71579 0.24445 0.003328 0 0 0 0
0.29229 0 0.035582 0.71362 0.24735 0.0034539 0 0 0 0
0.29329 0 0.034741 0.71141 0.25026 0.0035834 0 0 0 0
0.29429 0 0.033911 0.70918 0.25319 0.0037165 0 0 0 0
0.2953 0 0.033093 0.70692 0.25614 0.0038532 0 0 0 0
0.2963 0 0.032285 0.70463 0.2591 0.0039937 0 0 0 0
0.2973 0 0.031488 0.7023 0.26207 0.004138 0 0 0 0
0.2983 0 0.030702 0.69995 0.26506 0.0042862 0 0 0 0
0.2993 0 0.029927 0.69757 0.26807 0.0044383 0 0 0 0
0.3003 0 0.029162 0.69515 0.27109 0.0045945 0 0 0 0
0.3013 0 0.028409 0.69271 0.27413 0.0047548 0 0 0 0
0.3023 0 0.027667 0.69024 0.27718 0.0049192 0 0 0 0
0.3033 0 0.026935 0.68773 0.28024 0.005088 0 0 0 0
0.3043 0 0.026214 0.6852 0.28332 0.005261 0 0 0 0
0.30531 0 0.025504 0.68264 0.28642 0.0054385 0 0 0 0
0.30631 0 0.024805 0.68005 0.28952 0.0056205 0 0 0 0
0.30731 0 0.024117 0.67743 0.29265 0.005807 0 0 0 0
0.30831 0 0.02344 0.67478 0.29578 0.0059983 0 0 0 0
0.30931 0 0.022773 0.6721 0.29893 0.0061942 0 0 0 0
0.31031 0 0.022117 0.6694 0.30209 0.006395 0 0 0 0
0.31131 0 0.021472 0.66666 0.30526 0.0066007 0 0 0 0
0.31231 0 0.020838 0.6639 0.30845 0.0068115 0 0 0 0
0.31331 0 0.020215 0.66111 0.31165 0.0070273 0 0 0 0
0.31431 0 0.019602 0.65829 0.31486 0.0072483 0 0 0 0
0.31532 0 0.019 0.65544 0.31808 0.0074745 0 0 0 0
0.31632 0 0.018409 0.65257 0.32132 0.0077062 0 0 0 0
0.31732 0 0.017828 0.64966 0.32457 0.0079432 0 0 0 0
0.31832 0 0.017258 0.64673 0.32782 0.0081859 0 0 0 0
0.31932 0 0.016699 0.64377 0.33109 0.0084341 0 0 0 0
0.32032 0 0.01615 0.64079 0.33437 0.0086881 0 0 0 0
0.32132 0 0.015612 0.63778 0.33766 0.008948 0 0 0 0
0.32232 0 0.015085 0.63474 0.34096 0.0092137 0 0 0 0
0.32332 0 0.014568 0.63168 0.34427 0.0094856 0 0 0 0
0.32432 0 0.014061 0.62859 0.34759 0.0097635 0 0 0 0
0.32533 0 0.013565 0.62547 0.35092 0.010048 0 0 0 0
0.32633 0 0.013079 0.62233 0.35425 0.010338 0 0 0 0
0.32733 0 0.012603 0.61916 0.3576 0.010635 0 0 0 0
0.32833 0 0.012138 0.61597 0.36095 0.010939 0 0 0 0
0.32933 0 0.011683 0.61275 0.36432 0.011249 0 0 0 0
0.33033 0 0.011238 0.60951 0.36769 0.011566 0 0 0 0
0.33133 0 0.010803 0.60624 0.37106 0.01189 0 0 0 0
0.33233 0 0.010379 0.60295 0.37445 0.01222 0 0 0 0
0.33333 0 0.0099643 0.59964 0.37784 0.012558 0 0 0 0
0.33433 0 0.0095597 0.5963 0.38124 0.012904 0 0 0 0
0.33534 0 0.0091651 0.59294 0.38464 0.013256 0 0 0 0
0.33634 0 0.0087804 0.58956 0.38805 0.013616 0 0 0 0
0.33734 0 0.0084055 0.58615 0.39146 0.013983 0 0 0 0
0.33834 0 0.0080403 0.58272 0.39488 0.014359 0 0 0 0
0.33934 0 0.0076848 0.57927 0.3983 0.014742 0 0 0 0
0.34034 0 0.007339 0.5758 0.40173 0.015133 0 0 0 0
0.34134 0 0.0070026 0.5723 0.40516 0.015532 0 0 0 0
0.34234 0 0.0066758 0.56879 0.4086 0.015939 0 0 0 0
0.34334 0 0.0063583 0.56525 0.41204 0.016354 0 0 0 0
0.34434 0 0.0060502 0.5617 0.41548 0.016778 0 0 0 0
0.34535 0 0.0057513 0.55812 0.41892 0.017211 0 0 0 0
0.34635 0 0.0054615 0.55452 0.42236 0.017652 0 0 0 0
0.34735 0 0.0051809 0.55091 0.42581 0.018102 0 0 0 0
0.34835 0 0.0049092 0.54728 0.42925 0.018561 0 0 0 0
0.34935 0 0.0046464 0.54362 0.4327 0.019029 0 0 0 0
0.35035 0 0.0043924 0.53995 0.43615 0.019506 0 0 0 0
0.35135 0 0.0041471 0.53627 0.43959 0.019993 0 0 0 0
0.35235 0 0.0039104 0.53256 0.44304 0.020489 0 0 0 0
0.35335 0 0.0036823 0.52884 0.44648 0.020995 0 0 0 0
0.35435 0 0.0034625 0.5251 0.44992 0.021511 0 0 0 0
0.35536 0 0.0032511 0.52135 0.45336 0.022037 0 0 0 0
0.35636 0 0.0030478 0.51758 0.4568 0.022573 0 0 0 0
0.35736 0 0.0028526 0.5138 0.46023 0.023119 0 0 0 0
0.35836 0 0.0026654 0.51 0.46366 0.023675 0 0 0 0
0.35936 0 0.002486 0.50619 0.46708 0.024242 0 0 0 0
0.36036 0 0.0023144 0.50237 0.4705 0.02482 0 0 0 0
0.36136 0 0.0021504 0.49853 0.47391 0.025409 0 0 0 0
0.36236 0 0.0019938 0.49468 0.47732 0.026009 0 0 0 0
0.36336 0 0.0018446 0.49082 0.48072 0.02662 0 0 0 0
0.36436 0 0.0017027 0.48695 0.48411 0.027242 0 0 0 0
0.36537 0 0.0015678 0.48306 0.48749 0.027876 0 0 0 0
0.36637 0 0.0014398 0.47917 0.49087 0.028522 0 0 0 0
0.36737 0 0.0013187 0.47527 0.49423 0.029179 0 0 0 0
0.36837 0 0.0012042 0.47136 0.49759 0.029849 0 0 0 0
0.36937 0 0.0010963 0.46744 0.50094 0.03053 0 0 0 0
0.37037 0 0.00099465 0.46351 0.50427 0.031225 0 0 0 0
0.37137 0 0.00089924 0.45957 0.5076 0.031931 0 0 0 0
0.37237 0 0.00080989 0.45563 0.51091 0.032651 0 0 0 0
0.37337 0 0.00072641 0.45169 0.5142 0.033383 0 0 0 0
0.37437 0 0.00064866 0.44773 0.51749 0.034129 0 0 0 0
0.37538 0 0.00057645 0.44378 0.52076 0.034888 0 0 0 0
0.37638 0 0.00050962 0.43982 0.52401 0.03566 0 0 0 0
0.37738 0 0.00044798 0.43585 0.52725 0.036446 0 0 0 0
0.37838 0 0.00039137 0.43189 0.53048 0.037246 0 0 0 0
0.37938 0 0.00033959 0.42792 0.53368 0.03806 0 0 0 0
0.38038 0 0.00029246 0.42395 0.53687 0.038889 0 0 0 0
0.38138 0 0.00024978 0.41998 0.54004 0.039731 0 0 0 0
0.38238 0 0.00021136 0.41601 0.54319 0.040589 0 0 0 0
0.38338 0 0.000177 0.41204 0.54632 0.041461 0 0 0 0
0.38438 0 0.0001465 0.40808 0.54943 0.042349 0 0 0 0
0.38539 0 0.00011964 0.40412 0.55251 0.043251 0 0 0 0
0.38639 0 9.6223e-05 0.40016 0.55558 0.04417 0 0 0 0
0.38739 0 7.6021e-05 0.3962 0.55862 0.045104 0 0 0 0
0.38839 0 5.8818e-05 0.39225 0.56163 0.046054 0 0 0 0
0.38939 0 4.439e-05 0.38831 0.56462 0.04702 0 0 0 0
0.39039 0 3.2505e-05 0.38437 0.56759 0.048002 0 0 0 0
0.39139 0 2.2932e-05 0.38045 0.57053 0.049001 0 0 0 0
0.39239 0 1.5432e-05 0.37653 0.57344 0.050017 0 0 0 0
0.39339 0 9.7618e-06 0.37262 0.57632 0.05105 0 0 0 0
0.39439 0 5.6746e-06 0.36872 0.57918 0.0521 0 0 0 0
0.3954 0 2.9185e-06 0.36483 0.582 0.053168 0 0 0 0
0.3964 0 1.2368e-06 0.36096 0.58479 0.054254 0 0 0 0
0.3974 0 3.6811e-07 0.35709 0.58755 0.055357 0 0 0 0
0.3984 0 4.6221e-08 0.35325 0.59027 0.056479 0 0 0 0
0.3994 0 0 0.34941 0.59297 0.05762 0 0 0 0
0.4004 0 0 0.3456 0.59562 0.058779 2.8097e-09 0 0 0
0.4014 0 0 0.3418 0.59824 0.059957 2.2579e-08 0 0 0
0.4024 0 0 0.33802 0.60083 0.061153 7.6549e-08 0 0 0
0.4034 0 0 0.33425 0.60338 0.062369 1.8227e-07 0 0 0
0.4044 0 0 0.3305 0.60589 0.063603 3.5761e-07 0 0 0
0.40541 0 0 0.32677 0.60837 0.064857 6.2074e-07 0 0 0
0.40641 0 0 0.32306 0.61081 0.066129 9.9018e-07 0 0 0
0.40741 0 0 0.31936 0.61322 0.06742 1.4847e-06 0 0 0
0.40841 0 0 0.31568 0.61559 0.068731 2.1236e-06 0 0 0
0.40941 0 0 0.31202 0.61792 0.070061 2.9263e-06 0 0 0
0.41041 0 0 0.30837 0.62022 0.071409 3.9125e-06 0 0 0
0.41141 0 0 0.30474 0.62247 0.072777 5.1026e-06 0 0 0
0.41241 0 0 0.30113 0.6247 0.074165 6.517e-06 0 0 0
0.41341 0 0 0.29754 0.62688 0.075571 8.1765e-06 0 0 0
0.41441 0 0 0.29397 0.62903 0.076997 1.0102e-05 0 0 0
0.41542 0 0 0.29041 0.63113 0.078442 1.2316e-05 0 0 0
0.41642 0 0 0.28687 0.6332 0.079906 1.484e-05 0 0 0
0.41742 0 0 0.28335 0.63524 0.08139 1.7697e-05 0 0 0
0.41842 0 0 0.27985 0.63723 0.082893 2.0908e-05 0 0 0
0.41942 0 0 0.27637 0.63919 0.084416 2.4497e-05 0 0 0
0.42042 0 0 0.27291 0.64111 0.085958 2.8488e-05 0 0 0
0.42142 0 0 0.26946 0.64298 0.087519 3.2904e-05 0 0 0
0.42242 0 0 0.26604 0.64482 0.0891 3.7769e-05 0 0 0
0.42342 0 0 0.26263 0.64663 0.090701 4.3109e-05 0 0 0
0.42442 0 0 0.25924 0.64839 0.092321 4.8948e-05 0 0 0
0.42543 0 0 0.25587 0.65011 0.09396 5.5311e-05 0 0 0
0.42643 0 0 0.25253 0.65179 0.09562 6.2225e-05 0 0 0
0.42743 0 0 0.2492 0.65344 0.097298 6.9716e-05 0 0 0
0.42843 0 0 0.24588 0.65504 0.098997 7.781e-05 0 0 0
0.42943 0 0 0.24259 0.6566 0.10071 8.6535e-05 0 0 0
0.43043 0 0 0.23932 0.65813 0.10245 9.5918e-05 0 0 0
0.43143 0 0 0.23607 0.65961 0.10421 0.00010599 0 0 0
0.43243 0 0 0.23284 0.66106 0.10599 0.00011677 0 0 0
0.43343 0 0 0.22963 0.66246 0.10778 0.0001283 0 0 0
0.43443 0 0 0.22644 0.66382 0.1096 0.0001406 0 0 0
0.43544 0 0 0.22327 0.66514 0.11143 0.0001537 0 0 0
0.43644 0 0 0.22012 0.66643 0.11329 0.00016763 0 0 0
0.43744 0 0 0.21699 0.66767 0.11517 0.00018243 0 0 0
0.43844 0 0 0.21388 0.66886 0.11706 0.00019812 0 0 0
0.43944 0 0 0.21079 0.67002 0.11897 0.00021474 0 0 0
0.44044 0 0 0.20772 0.67114 0.12091 0.00023232 0 0 0
0.44144 0 0 0.20467 0.67221 0.12286 0.00025089 0 0 0
0.44244 0 0 0.20165 0.67325 0.12484 0.00027048 0 0 0
0.44344 0 0 0.19864 0.67424 0.12683 0.00029113 0 0 0
0.44444 0 0 0.19566 0.67519 0.12884 0.00031287 0 0 0
0.44545 0 0 0.19269 0.6761 0.13087 0.00033574 0 0 0
0.44645 0 0 0.18975 0.67696 0.13293 0.00035977 0 0 0
0.44745 0 0 0.18683 0.67779 0.135 0.00038499 0 0 0
0.44845 0 0 0.18393 0.67857 0.13709 0.00041145 0 0 0
0.44945 0 0 0.18106 0.67931 0.1392 0.00043919 0 0 0
0.45045 0 0 0.1782 0.68 0.14133 0.00046822 0 0 0
0.45145 0 0 0.17537 0.68066 0.14348 0.00049861 0 0 0
0.45245 0 0 0.17255 0.68127 0.14565 0.00053038 0 0 0
0.45345 0 0 0.16976 0.68184 0.14783 0.00056357 0 0 0
0.45445 0 0 0.167 0.68237 0.15004 0.00059822 0 0 0
0.45546 0 0 0.16425 0.68285 0.15227 0.00063438 0 0 0
0.45646 0 0 0.16152 0.68329 0.15451 0.00067208 0 0 0
0.45746 0 0 0.15882 0.68369 0.15678 0.00071137 0 0 0
0.45846 0 0 0.15614 0.68404 0.15907 0.00075228 0 0 0
0.45946 0 0 0.15349 0.68435 0.16137 0.00079486 0 0 0
0.46046 0 0 0.15085 0.68462 0.16369 0.00083916 0 0 0
0.46146 0 0 0.14824 0.68484 0.16603 0.00088521 0 0 0
0.46246 0 0 0.14565 0.68502 0.1684 0.00093306 0 0 0
0.46346 0 0 0.14308 0.68516 0.17078 0.00098276 0 0 0
0.46446 0 0 0.14054 0.68525 0.17318 0.0010343 0 0 0
0.46547 0 0 0.13802 0.6853 0.17559 0.0010879 0 0 0
0.46647 0 0 0.13552 0.68531 0.17803 0.0011434 0 0 0
0.46747 0 0 0.13304 0.68527 0.18049 0.0012009 0 0 0
0.46847 0 0 0.13059 0.68519 0.18296 0.0012606 0 0 0
0.46947 0 0 0.12816 0.68506 0.18545 0.0013223 0 0 0
0.47047 0 0 0.12576 0.68489 0.18797 0.0013862 0 0 0
0.47147 0 0 0.12337 0.68468 0.1905 0.0014524 0 0 0
0.47247 0 0 0.12101 0.68442 0.19304 0.0015208 0 0 0
0.47347 0 0 0.11868 0.68412 0.19561 0.0015916 0 0 0
0.47447 0 0 0.11636 0.68377 0.1982 0.0016648 0 0 0
0.47548 0 0 0.11407 0.68339 0.2008 0.0017404 0 0 0
0.47648 0 0 0.11181 0.68295 0.20342 0.0018185 0 0 0
0.47748 0 0 0.10957 0.68247 0.20606 0.0018991 0 0 0
0.47848 0 0 0.10735 0.68195 0.20872 0.0019824 0 0 0
0.47948 0 0 0.10515 0.68139 0.21139 0.0020683 0 0 0
0.48048 0 0 0.10298 0.68078 0.21409 0.0021569 0 0 0
0.48148 0 0 0.10083 0.68012 0.2168 0.0022483 0 0 0
0.48248 0 0 0.098708 0.67943 0.21952 0.0023425 0 0 0
0.48348 0 0 0.096607 0.67868 0.22227 0.0024396 0 0 0
0.48448 0 0 0.094531 0.6779 0.22503 0.0025397 0 0 0
0.48549 0 0 0.092478 0.67707 0.22781 0.0026427 0 0 0
0.48649 0 0 0.090449 0.67619 0.23061 0.0027489 0 0 0
0.48749 0 0 0.088444 0.67528 0.23342 0.0028582 0 0 0
0.48849 0 0 0.086463 0.67431 0.23625 0.0029707 0 0 0
0.48949 0 0 0.084506 0.67331 0.2391 0.0030864 0 0 0
0.49049 0 0 0.082573 0.67226 0.24196 0.0032055 0 0 0
0.49149 0 0 0.080664 0.67117 0.24484 0.003328 0 0 0
0.49249 0 0 0.078779 0.67003 0.24774 0.0034539 0 0 0
0.49349 0 0 0.076919 0.66885 0.25065 0.0035834 0 0 0
0.49449 0 0 0.075082 0.66762 0.25358 0.0037165 0 0 0
0.4955 0 0 0.073269 0.66635 0.25652 0.0038532 0 0 0
0.4965 0 0 0.071481 0.66504 0.25948 0.0039937 0 0 0
0.4975 0 0 0.069716 0.66369 0.26246 0.004138 0 0 0
0.4985 0 0 0.067976 0.66229 0.26545 0.0042862 0 0 0
0.4995 0 0 0.066259 0.66085 0.26845 0.0044383 0 0 0
0.5005 0 0 0.064567 0.65936 0.27148 0.0045945 0 0 0
0.5015 0 0 0.062899 0.65784 0.27451 0.0047548 0 0 0
0.5025 0 0 0.061255 0.65626 0.27756 0.0049192 0 0 0
0.5035 0 0 0.059635 0.65465 0.28063 0.005088 0 0 0
0.5045 0 0 0.058039 0.65299 0.2837 0.005261 0 0 0
0.50551 0 0 0.056468 0.6513 0.2868 0.0054385 0 0 0
0.50651 0 0 0.05492 0.64956 0.2899 0.0056205 0 0 0
0.50751 0 0 0.053396 0.64777 0.29303 0.005807 0 0 0
0.50851 0 0 0.051896 0.64595 0.29616 0.0059983 0 0 0
0.50951 0 0 0.050421 0.64408 0.29931 0.0061942 0 0 0
0.51051 0 0 0.048969 0.64217 0.30247 0.006395 0 0 0
0.51151 0 0 0.047541 0.64022 0.30564 0.0066007 0 0 0
0.51251 0 0 0.046137 0.63823 0.30883 0.0068115 0 0 0
0.51351 0 0 0.044757 0.63619 0.31202 0.0070273 0 0 0
0.51451 0 0 0.0434 0.63412 0.31523 0.0072483 0 0 0
0.51552 0 0 0.042067 0.632 0.31846 0.0074745 0 0 0
0.51652 0 0 0.040758 0.62985 0.32169 0.0077062 0 0 0
0.51752 0 0 0.039473 0.62765 0.32493 0.0079432 0 0 0
0.51852 0 0 0.038211 0.62541 0.32819 0.0081859 0 0 0
0.51952 0 0 0.036973 0.62313 0.33146 0.0084341 0 0 0
0.52052 0 0 0.035758 0.62082 0.33474 0.0086881 0 0 0
0.52152 0 0 0.034566 0.61846 0.33802 0.008948 0 0 0
0.52252 0 0 0.033398 0.61607 0.34132 0.0092137 0 0 0
0.52352 0 0 0.032253 0.61363 0.34463 0.0094856 0 0 0
0.52452 0 0 0.031131 0.61116 0.34795 0.0097635 0 0 0
0.52553 0 0 0.030033 0.60864 0.35128 0.010048 0 0 0
0.52653 0 0 0.028957 0.60609 0.35461 0.010338 0 0 0
0.52753 0 0 0.027904 0.60351 0.35796 0.010635 0 0 0
0.52853 0 0 0.026874 0.60088 0.36131 0.010939 0 0 0
0.52953 0 0 0.025866 0.59822 0.36467 0.011249 0 0 0
0.53053 0 0 0.024882 0.59552 0.36804 0.011566 0 0 0
0.53153 0 0 0.023919 0.59278 0.37141 0.01189 0 0 0
0.53253 0 0 0.022979 0.59 0.3748 0.01222 0 0 0
0.53353 0 0 0.022061 0.5872 0.37818 0.012558 0 0 0
0.53453 0 0 0.021166 0.58435 0.38158 0.012904 0 0 0
0.53554 0 0 0.020292 0.58147 0.38498 0.013256 0 0 0
0.53654 0 0 0.01944 0.57855 0.38839 0.013616 0 0 0
0.53754 0 0 0.01861 0.5756 0.3918 0.013983 0 0 0
0.53854 0 0 0.017802 0.57262 0.39522 0.014359 0 0 0
0.53954 0 0 0.017015 0.5696 0.39864 0.014742 0 0 0
0.54054 0 0 0.016249 0.56655 0.40207 0.015133 0 0 0
0.54154 0 0 0.015504 0.56347 0.4055 0.015532 0 0 0
0.54254 0 0 0.014781 0.56035 0.40893 0.015939 0 0 0
0.54354 0 0 0.014078 0.5572 0.41237 0.016354 0 0 0
0.54454 0 0 0.013395 0.55402 0.4158 0.016778 0 0 0
0.54555 0 0 0.012734 0.55081 0.41924 0.017211 0 0 0
0.54655 0 0 0.012092 0.54757 0.42269 0.017652 0 0 0
0.54755 0 0 0.011471 0.5443 0.42613 0.018102 0 0 0
0.54855 0 0 0.010869 0.541 0.42957 0.018561 0 0 0
0.54955 0 0 0.010287 0.53766 0.43302 0.019029 0 0 0
0.55055 0 0 0.009725 0.53431 0.43646 0.019506 0 0 0
0.55155 0 0 0.0091819 0.53092 0.43991 0.019993 0 0 0
0.55255 0 0 0.0086579 0.5275 0.44335 0.020489 0 0 0
0.55355 0 0 0.0081527 0.52406 0.44679 0.020995 0 0 0
0.55455 0 0 0.0076662 0.52059 0.45023 0.021511 0 0 0
0.55556 0 0 0.007198 0.5171 0.45367 0.022037 0 0 0
0.55656 0 0 0.006748 0.51358 0.4571 0.022573 0 0 0
0.55756 0 0 0.0063158 0.51004 0.46053 0.023119 0 0 0
0.55856 0 0 0.0059013 0.50647 0.46396 0.023675 0 0 0
0.55956 0 0 0.0055042 0.50288 0.46738 0.024242 0 0 0
0.56056 0 0 0.0051242 0.49926 0.47079 0.02482 0 0 0
0.56156 0 0 0.004761 0.49563 0.4742 0.025409 0 0 0
0.56256 0 0 0.0044144 0.49197 0.47761 0.026009 0 0 0
0.56356 0 0 0.0040841 0.48829 0.48101 0.02662 0 0 0
0.56456 0 0 0.0037698 0.48459 0.4844 0.027242 0 0 0
0.56557 0 0 0.0034711 0.48088 0.48778 0.027876 0 0 0
0.56657 0 0 0.0031879 0.47714 0.49115 0.028522 0 0 0
0.56757 0 0 0.0029197 0.47339 0.49451 0.029179 0 0 0
0.56857 0 0 0.0026662 0.46962 0.49787 0.029849 0 0 0
0.56957 0 0 0.0024272 0.46583 0.50121 0.03053 0 0 0
0.57057 0 0 0.0022022 0.46203 0.50455 0.031225 0 0 0
0.57157 0 0 0.001991 0.45821 0.50787 0.031931 0 0 0
0.57257 0 0 0.0017931 0.45438 0.51118 0.032651 0 0 0
0.57357 0 0 0.0016083 0.45054 0.51447 0.033383 0 0 0
0.57457 0 0 0.0014362 0.44668 0.51775 0.034129 0 0 0
0.57558 0 0 0.0012763 0.44281 0.52102 0.034888 0 0 0
0.57658 0 0 0.0011283 0.43894 0.52427 0.03566 0 0 0
0.57758 0 0 0.00099186 0.43505 0.52751 0.036446 0 0 0
0.57858 0 0 0.00086651 0.43115 0.53073 0.037246 0 0 0
0.57958 0 0 0.00075187 0.42725 0.53394 0.03806 0 0 0
0.58058 0 0 0.00064752 0.42334 0.53712 0.038889 0 0 0
0.58158 0 0 0.00055303 0.41943 0.54029 0.039731 0 0 0
0.58258 0 0 0.00046797 0.41551 0.54344 0.040589 0 0 0
0.58358 0 0 0.00039189 0.41158 0.54656 0.041461 0 0 0
0.58458 0 0 0.00032436 0.40766 0.54967 0.042349 0 0 0
0.58559 0 0 0.0002649 0.40373 0.55275 0.043251 0 0 0
0.58659 0 0 0.00021304 0.3998 0.55581 0.04417 0 0 0
0.58759 0 0 0.00016831 0.39588 0.55885 0.045104 0 0 0
0.58859 0 0 0.00013023 0.39195 0.56187 0.046054 0 0 0
0.58959 0 0 9.8281e-05 0.38803 0.56486 0.04702 0 0 0
0.59059 0 0 7.1969e-05 0.38411 0.56782 0.048002 0 0 0
0.59159 0 0 5.0773e-05 0.38019 0.57076 0.049001 0 0 0
0.59259 0 0 3.4167e-05 0.37628 0.57366 0.050017 0 0 0
0.59359 0 0 2.1613e-05 0.37238 0.57654 0.05105 0 0 0
0.59459 0 0 1.2564e-05 0.36849 0.57939 0.0521 0 0 0
0.5956 0 0 6.4617e-06 0.36461 0.58221 0.053168 0 0 0
0.5966 0 0 2.7383e-06 0.36074 0.585 0.054254 0 0 0
0.5976 0 0 8.1501e-07 0.35688 0.58776 0.055357 0 0 0
0.5986 0 0 1.0234e-07 0.35304 0.59048 0.056479 0 0 0
0.5996 0 0 0 0.34921 0.59317 0.05762 0 0 0
0.6006 0 0 0 0.34539 0.59583 0.058779 4.8103e-09 0 0
0.6016 0 0 0 0.3416 0.59845 0.059956 3.8657e-08 0 0
0.6026 0 0 0 0.33782 0.60103 0.061153 1.3106e-07 0 0
0.6036 0 0 0 0.33405 0.60358 0.062369 3.1206e-07 0 0
0.6046 0 0 0 0.33031 0.60609 0.063603 6.1224e-07 0 0
0.60561 0 0 0 0.32658 0.60857 0.064856 1.0627e-06 0 0
0.60661 0 0 0 0.32286 0.61101 0.066128 1.6952e-06 0 0
0.60761 0 0 0 0.31917 0.61341 0.067419 2.542e-06 0 0
0.60861 0 0 0 0.31549 0.61578 0.06873 3.6357e-06 0 0
0.60961 0 0 0 0.31183 0.61811 0.070059 5.0099e-06 0 0
0.61061 0 0 0 0.30819 0.6204 0.071407 6.6985e-06 0 0
0.61161 0 0 0 0.30456 0.62266 0.072774 8.7359e-06 0 0
0.61261 0 0 0 0.30095 0.62487 0.07416 1.1157e-05 0 0
0.61361 0 0 0 0.29736 0.62706 0.075565 1.3999e-05 0 0
0.61461 0 0 0 0.29379 0.6292 0.07699 1.7296e-05 0 0
0.61562 0 0 0 0.29024 0.63131 0.078433 2.1087e-05 0 0
0.61662 0 0 0 0.2867 0.63338 0.079896 2.5408e-05 0 0
0.61762 0 0 0 0.28319 0.63541 0.081377 3.0298e-05 0 0
0.61862 0 0 0 0.27969 0.6374 0.082878 3.5795e-05 0 0
0.61962 0 0 0 0.27621 0.63935 0.084398 4.194e-05 0 0
0.62062 0 0 0 0.27275 0.64127 0.085937 4.8772e-05 0 0
0.62162 0 0 0 0.2693 0.64314 0.087496 5.6333e-05 0 0
0.62262 0 0 0 0.26588 0.64498 0.089073 6.4663e-05 0 0
0.62362 0 0 0 0.26247 0.64678 0.09067 7.3805e-05 0 0
0.62462 0 0 0 0.25909 0.64854 0.092286 8.3802e-05 0 0
0.62563 0 0 0 0.25572 0.65026 0.093921 9.4696e-05 0 0
0.62663 0 0 0 0.25237 0.65194 0.095575 0.00010653 0 0
0.62763 0 0 0 0.24905 0.65358 0.097249 0.00011936 0 0
0.62863 0 0 0 0.24574 0.65519 0.098941 0.00013322 0 0
0.62963 0 0 0 0.24245 0.65675 0.10065 0.00014815 0 0
0.63063 0 0 0 0.23918 0.65827 0.10238 0.00016422 0 0
0.63163 0 0 0 0.23593 0.65975 0.10413 0.00018146 0 0
0.63263 0 0 0 0.2327 0.66119 0.1059 0.00019992 0 0
0.63363 0 0 0 0.22949 0.6626 0.10769 0.00021965 0 0
0.63463 0 0 0 0.2263 0.66396 0.1095 0.00024071 0 0
0.63564 0 0 0 0.22313 0.66528 0.11133 0.00026314 0 0
0.63664 0 0 0 0.21999 0.66656 0.11317 0.000287 0 0
0.63764 0 0 0 0.21686 0.66779 0.11504 0.00031233 0 0
0.63864 0 0 0 0.21375 0.66899 0.11692 0.0003392 0 0
0.63964 0 0 0 0.21066 0.67015 0.11882 0.00036765 0 0
0.64064 0 0 0 0.2076 0.67126 0.12074 0.00039774 0 0
0.64164 0 0 0 0.20455 0.67234 0.12268 0.00042953 0 0
0.64264 0 0 0 0.20153 0.67337 0.12464 0.00046307 0 0
0.64364 0 0 0 0.19852 0.67436 0.12662 0.00049843 0 0
0.64464 0 0 0 0.19554 0.67531 0.12862 0.00053565 0 0
0.64565 0 0 0 0.19258 0.67621 0.13063 0.0005748 0 0
0.64665 0 0 0 0.18964 0.67708 0.13267 0.00061594 0 0
0.64765 0 0 0 0.18672 0.6779 0.13472 0.00065913 0 0
0.64865 0 0 0 0.18382 0.67868 0.13679 0.00070443 0 0
0.64965 0 0 0 0.18095 0.67942 0.13888 0.00075191 0 0
0.65065 0 0 0 0.17809 0.68011 0.14099 0.00080163 0 0
0.65165 0 0 0 0.17526 0.68076 0.14312 0.00085365 0 0
0.65265 0 0 0 0.17245 0.68137 0.14527 0.00090804 0 0
0.65365 0 0 0 0.16966 0.68194 0.14743 0.00096487 0 0
0.65465 0 0 0 0.1669 0.68246 0.14962 0.0010242 0 0
0.65566 0 0 0 0.16415 0.68295 0.15182 0.0010861 0 0
0.65666 0 0 0 0.16143 0.68338 0.15404 0.0011506 0 0
0.65766 0 0 0 0.15873 0.68378 0.15627 0.0012179 0 0
0.65866 0 0 0 0.15605 0.68413 0.15853 0.001288 0 0
0.65966 0 0 0 0.1534 0.68444 0.1608 0.0013609 0 0
0.66066 0 0 0 0.15076 0.68471 0.16309 0.0014367 0 0
0.66166 0 0 0 0.14815 0.68493 0.1654 0.0015155 0 0
0.66266 0 0 0 0.14556 0.68511 0.16773 0.0015975 0 0
0.66366 0 0 0 0.143 0.68524 0.17008 0.0016825 0 0
0.66466 0 0 0 0.14046 0.68533 0.17244 0.0017709 0 0
0.66567 0 0 0 0.13794 0.68538 0.17482 0.0018625 0 0
0.66667 0 0 0 0.13544 0.68539 0.17722 0.0019575 0 0
0.66767 0 0 0 0.13296 0.68535 0.17963 0.0020561 0 0
0.66867 0 0 0 0.13051 0.68526 0.18206 0.0021581 0 0
0.66967 0 0 0 0.12809 0.68514 0.18451 0.0022639 0 0
0.67067 0 0 0 0.12568 0.68497 0.18698 0.0023733 0 0
0.67167 0 0 0 0.1233 0.68475 0.18946 0.0024866 0 0
0.67267 0 0 0 0.12094 0.68449 0.19196 0.0026038 0 0
0.67367 0 0 0 0.11861 0.68419 0.19448 0.002725 0 0
0.67467 0 0 0 0.11629 0.68384 0.19701 0.0028502 0 0
0.67568 0 0 0 0.11401 0.68345 0.19956 0.0029796 0 0
0.67668 0 0 0 0.11174 0.68302 0.20213 0.0031133 0 0
0.67768 0 0 0 0.1095 0.68254 0.20471 0.0032514 0 0
0.67868 0 0 0 0.10728 0.68202 0.20731 0.0033939 0 0
0.67968 0 0 0 0.10509 0.68145 0.20992 0.003541 0 0
0.68068 0 0 0 0.10292 0.68084 0.21255 0.0036927 0 0
0.68168 0 0 0 0.10077 0.68018 0.21519 0.0038492 0 0
0.68268 0 0 0 0.098649 0.67948 0.21786 0.0040105 0 0
0.68368 0 0 0 0.09655 0.67874 0.22053 0.0041767 0 0
0.68468 0 0 0 0.094474 0.67795 0.22322 0.0043481 0 0
0.68569 0 0 0 0.092423 0.67712 0.22593 0.0045245 0 0
0.68669 0 0 0 0.090395 0.67625 0.22865 0.0047063 0 0
0.68769 0 0 0 0.088392 0.67533 0.23139 0.0048934 0 0
0.68869 0 0 0 0.086412 0.67437 0.23414 0.005086 0 0
0.68969 0 0 0 0.084456 0.67336 0.2369 0.0052841 0 0
0.69069 0 0 0 0.082524 0.67231 0.23968 0.005488 0 0
0.69169 0 0 0 0.080616 0.67121 0.24247 0.0056977 0 0
0.69269 0 0 0 0.078733 0.67007 0.24528 0.0059134 0 0
0.69369 0 0 0 0.076873 0.66889 0.2481 0.006135 0 0
0.69469 0 0 0 0.075037 0.66767 0.25093 0.0063629 0 0
0.6957 0 0 0 0.073226 0.6664 0.25378 0.006597 0 0
0.6967 0 0 0 0.071438 0.66509 0.25664 0.0068375 0 0
0.6977 0 0 0 0.069675 0.66373 0.25951 0.0070845 0 0
0.6987 0 0 0 0.067935 0.66233 0.2624 0.0073382 0 0
0.6997 0 0 0 0.06622 0.66089 0.26529 0.0075987 0 0
0.7007 0 0 0 0.064529 0.6594 0.2682 0.0078661 0 0
0.7017 0 0 0 0.062862 0.65787 0.27113 0.0081405 0 0
0.7027 0 0 0 0.061219 0.6563 0.27406 0.008422 0 0
0.7037 0 0 0 0.0596 0.65469 0.277 0.0087109 0 0
0.7047 0 0 0 0.058005 0.65303 0.27996 0.0090072 0 0
0.70571 0 0 0 0.056434 0.65133 0.28293 0.0093111 0 0
0.70671 0 0 0 0.054887 0.64959 0.2859 0.0096226 0 0
0.70771 0 0 0 0.053364 0.6478 0.28889 0.009942 0 0
0.70871 0 0 0 0.051866 0.64598 0.29189 0.010269 0 0
0.70971 0 0 0 0.050391 0.64411 0.2949 0.010605 0 0
0.71071 0 0 0 0.04894 0.6422 0.29791 0.010949 0 0
0.71171 0 0 0 0.047513 0.64025 0.30094 0.011301 0 0
0.71271 0 0 0 0.046109 0.63825 0.30398 0.011662 0 0
0.71371 0 0 0 0.04473 0.63622 0.30702 0.012031 0 0
0.71471 0 0 0 0.043374 0.63414 0.31007 0.012409 0 0
0.71572 0 0 0 0.042042 0.63203 0.31313 0.012797 0 0
0.71672 0 0 0 0.040734 0.62987 0.3162 0.013193 0 0
0.71772 0 0 0 0.03945 0.62767 0.31928 0.013599 0 0
0.71872 0 0 0 0.038188 0.62543 0.32236 0.014015 0 0
0.71972 0 0 0 0.036951 0.62316 0.32545 0.01444 0 0
0.72072 0 0 0 0.035737 0.62084 0.32855 0.014875 0 0
0.72172 0 0 0 0.034546 0.61848 0.33165 0.015319 0 0
0.72272 0 0 0 0.033378 0.61609 0.33476 0.015774 0 0
0.72372 0 0 0 0.032234 0.61365 0.33788 0.01624 0 0
0.72472 0 0 0 0.031113 0.61118 0.341 0.016716 0 0
0.72573 0 0 0 0.030015 0.60866 0.34412 0.017202 0 0
0.72673 0 0 0 0.02894 0.60611 0.34725 0.0177 0 0
0.72773 0 0 0 0.027887 0.60352 0.35038 0.018208 0 0
0.72873 0 0 0 0.026858 0.6009 0.35352 0.018728 0 0
0.72973 0 0 0 0.025851 0.59823 0.35666 0.019259 0 0
0.73073 0 0 0 0.024867 0.59553 0.3598 0.019801 0 0
0.73173 0 0 0 0.023905 0.59279 0.36295 0.020356 0 0
0.73273 0 0 0 0.022965 0.59002 0.36609 0.020922 0 0
0.73373 0 0 0 0.022048 0.58721 0.36924 0.021501 0 0
0.73473 0 0 0 0.021153 0.58436 0.37239 0.022092 0 0
0.73574 0 0 0 0.02028 0.58148 0.37554 0.022695 0 0
0.73674 0 0 0 0.019429 0.57857 0.37869 0.023311 0 0
0.73774 0 0 0 0.018599 0.57562 0.38184 0.023941 0 0
0.73874 0 0 0 0.017791 0.57263 0.385 0.024583 0 0
0.73974 0 0 0 0.017005 0.56961 0.38814 0.025239 0 0
0.74074 0 0 0 0.016239 0.56656 0.39129 0.025908 0 0
0.74174 0 0 0 0.015495 0.56348 0.39444 0.026591 0 0
0.74274 0 0 0 0.014772 0.56036 0.39758 0.027288 0 0
0.74374 0 0 0 0.014069 0.55721 0.40072 0.027999 0 0
0.74474 0 0 0 0.013387 0.55403 0.40386 0.028725 0 0
0.74575 0 0 0 0.012726 0.55082 0.40699 0.029465 0 0
0.74675 0 0 0 0.012085 0.54758 0.41012 0.030221 0 0
0.74775 0 0 0 0.011464 0.5443 0.41324 0.030991 0 0
0.74875 0 0 0 0.010863 0.541 0.41636 0.031777 0 0
0.74975 0 0 0 0.010281 0.53767 0.41947 0.032579 0 0
0.75075 0 0 0 0.0097192 0.53431 0.42257 0.033396 0 0
0.75175 0 0 0 0.0091765 0.53092 0.42567 0.034229 0 0
0.75275 0 0 0 0.0086528 0.52751 0.42876 0.035079 0 0
0.75375 0 0 0 0.0081479 0.52407 0.43184 0.035945 0 0
0.75475 0 0 0 0.0076616 0.5206 0.43491 0.036828 0 0
0.75576 0 0 0 0.0071937 0.5171 0.43798 0.037728 0 0
0.75676 0 0 0 0.006744 0.51358 0.44103 0.038646 0 0
0.75776 0 0 0 0.0063121 0.51004 0.44407 0.039581 0 0
0.75876 0 0 0 0.0058978 0.50647 0.4471 0.040533 0 0
0.75976 0 0 0 0.0055009 0.50288 0.45012 0.041504 0 0
0.76076 0 0 0 0.0051212 0.49927 0.45312 0.042494 0 0
0.76176 0 0 0 0.0047582 0.49563 0.45611 0.043502 0 0
0.76276 0 0 0 0.0044118 0.49197 0.45909 0.044528 0 0
0.76376 0 0 0 0.0040817 0.48829 0.46205 0.045574 0 0
0.76476 0 0 0 0.0037676 0.48459 0.465 0.04664 0 0
0.76577 0 0 0 0.0034691 0.48088 0.46793 0.047725 0 0
0.76677 0 0 0 0.003186 0.47714 0.47084 0.048831 0 0
0.76777 0 0 0 0.0029179 0.47339 0.47374 0.049956 0 0
0.76877 0 0 0 0.0026646 0.46962 0.47662 0.051103 0 0
0.76977 0 0 0 0.0024257 0.46583 0.47947 0.05227 0 0
0.77077 0 0 0 0.0022009 0.46203 0.48231 0.053458 0 0
0.77177 0 0 0 0.0019898 0.45821 0.48513 0.054668 0 0
0.77277 0 0 0 0.0017921 0.45438 0.48793 0.0559 0 0
0.77377 0 0 0 0.0016074 0.45054 0.4907 0.057154 0 0
0.77477 0 0 0 0.0014353 0.44668 0.49345 0.058431 0 0
0.77578 0 0 0 0.0012755 0.44281 0.49618 0.05973 0 0
0.77678 0 0 0 0.0011276 0.43894 0.49888 0.061052 0 0
0.77778 0 0 0 0.00099127 0.43505 0.50156 0.062398 0 0
0.77878 0 0 0 0.000866 0.43116 0.50421 0.063768 0 0
0.77978 0 0 0 0.00075142 0.42725 0.50683 0.065161 0 0
0.78078 0 0 0 0.00064713 0.42334 0.50943 0.06658 0 0
0.78178 0 0 0 0.0005527 0.41943 0.512 0.068023 0 0
0.78278 0 0 0 0.00046769 0.41551 0.51453 0.069491 0 0
0.78378 0 0 0 0.00039166 0.41159 0.51704 0.070984 0 0
0.78478 0 0 0 0.00032416 0.40766 0.51951 0.072503 0 0
0.78579 0 0 0 0.00026474 0.40373 0.52195 0.074049 0 0
0.78679 0 0 0 0.00021292 0.3998 0.52436 0.075621 0 0
0.78779 0 0 0 0.00016821 0.39588 0.52674 0.07722 0 0
0.78879 0 0 0 0.00013015 0.39195 0.52907 0.078847 0 0
0.78979 0 0 0 9.8223e-05 0.38803 0.53137 0.080501 0 0
0.79079 0 0 0 7.1926e-05 0.38411 0.53364 0.082183 0 0
0.79179 0 0 0 5.0743e-05 0.38019 0.53586 0.083893 0 0
0.79279 0 0 0 3.4147e-05 0.37628 0.53805 0.085632 0 0
0.79379 0 0 0 2.16e-05 0.37238 0.54019 0.087401 0 0
0.79479 0 0 0 1.2556e-05 0.36849 0.5423 0.089199 0 0
0.7958 0 0 0 6.4579e-06 0.36461 0.54436 0.091027 0 0
0.7968 0 0 0 2.7367e-06 0.36074 0.54637 0.092886 0 0
0.7978 0 0 0 8.1453e-07 0.35688 0.54834 0.094775 0 0
0.7988 0 0 0 1.0228e-07 0.35304 0.55027 0.096696 0 0
0.7998 0 0 0 0 0.34921 0.55214 0.098648 0 0
0.8008 0 0 0 0 0.34539 0.55397 0.10063 1.8633e-08 0
0.8018 0 0 0 0 0.3416 0.55575 0.10265 1.4974e-07 0
0.8028 0 0 0 0 0.33782 0.55749 0.1047 5.0765e-07 0
0.8038 0 0 0 0 0.33405 0.55917 0.10678 1.2088e-06 0
0.8048 0 0 0 0 0.33031 0.5608 0.10889 2.3715e-06 0
0.80581 0 0 0 0 0.32658 0.56239 0.11103 4.1166e-06 0
0.80681 0 0 0 0 0.32286 0.56392 0.11321 6.5666e-06 0
0.80781 0 0 0 0 0.31917 0.56541 0.11542 9.8464e-06 0
0.80881 0 0 0 0 0.31549 0.56684 0.11765 1.4083e-05 0
0.80981 0 0 0 0 0.31183 0.56823 0.11992 1.9406e-05 0
0.81081 0 0 0 0 0.30819 0.56956 0.12223 2.5947e-05 0
0.81181 0 0 0 0 0.30456 0.57085 0.12456 3.3839e-05 0
0.81281 0 0 0 0 0.30095 0.57208 0.12692 4.3219e-05 0
0.81381 0 0 0 0 0.29736 0.57326 0.12932 5.4224e-05 0
0.81481 0 0 0 0 0.29379 0.5744 0.13174 6.6997e-05 0
0.81582 0 0 0 0 0.29024 0.57548 0.1342 8.1679e-05 0
0.81682 0 0 0 0 0.2867 0.57651 0.13669 9.8417e-05 0
0.81782 0 0 0 0 0.28319 0.57749 0.1392 0.00011736 0
0.81882 0 0 0 0 0.27969 0.57842 0.14175 0.00013865 0
0.81982 0 0 0 0 0.27621 0.5793 0.14433 0.00016246 0
0.82082 0 0 0 0 0.27275 0.58013 0.14694 0.00018892 0
0.82182 0 0 0 0 0.2693 0.5809 0.14958 0.00021821 0
0.82282 0 0 0 0 0.26588 0.58163 0.15224 0.00025047 0
0.82382 0 0 0 0 0.26247 0.5823 0.15494 0.00028589 0
0.82482 0 0 0 0 0.25909 0.58292 0.15767 0.00032461 0
0.82583 0 0 0 0 0.25572 0.58349 0.16042 0.00036681 0
0.82683 0 0 0 0 0.25237 0.584 0.16321 0.00041266 0
0.82783 0 0 0 0 0.24905 0.58447 0.16602 0.00046234 0
0.82883 0 0 0 0 0.24574 0.58488 0.16887 0.00051602 0
0.82983 0 0 0 0 0.24245 0.58524 0.17174 0.00057388 0
0.83083 0 0 0 0 0.23918 0.58555 0.17464 0.0006361 0
0.83183 0 0 0 0 0.23593 0.5858 0.17756 0.00070288 0
0.83283 0 0 0 0 0.2327 0.586 0.18052 0.00077439 0
0.83383 0 0 0 0 0.22949 0.58615 0.1835 0.00085083 0
0.83483 0 0 0 0 0.2263 0.58625 0.18652 0.00093239 0
0.83584 0 0 0 0 0.22313 0.58629 0.18955 0.0010193 0
0.83684 0 0 0 0 0.21999 0.58628 0.19262 0.0011117 0
0.83784 0 0 0 0 0.21686 0.58622 0.19571 0.0012098 0
0.83884 0 0 0 0 0.21375 0.58611 0.19883 0.0013139 0
0.83984 0 0 0 0 0.21066 0.58594 0.20197 0.0014241 0
0.84084 0 0 0 0 0.2076 0.58572 0.20514 0.0015407 0
0.84184 0 0 0 0 0.20455 0.58544 0.20834 0.0016638 0
0.84284 0 0 0 0 0.20153 0.58512 0.21156 0.0017937 0
0.84384 0 0 0 0 0.19852 0.58474 0.21481 0.0019307 0
0.84484 0 0 0 0 0.19554 0.5843 0.21808 0.0020749 0
0.84585 0 0 0 0 0.19258 0.58382 0.22138 0.0022265 0
0.84685 0 0 0 0 0.18964 0.58328 0.2247 0.0023859 0
0.84785 0 0 0 0 0.18672 0.58268 0.22804 0.0025532 0
0.84885 0 0 0 0 0.18382 0.58204 0.23141 0.0027286 0
0.84985 0 0 0 0 0.18095 0.58134 0.2348 0.0029126 0
0.85085 0 0 0 0 0.17809 0.58059 0.23822 0.0031051 0
0.85185 0 0 0 0 0.17526 0.57978 0.24165 0.0033066 0
0.85285 0 0 0 0 0.17245 0.57892 0.24511 0.0035173 0
0.85385 0 0 0 0 0.16966 0.57801 0.24859 0.0037374 0
0.85485 0 0 0 0 0.1669 0.57704 0.25209 0.0039673 0
0.85586 0 0 0 0 0.16415 0.57602 0.25562 0.004207 0
0.85686 0 0 0 0 0.16143 0.57495 0.25916 0.0044571 0
0.85786 0 0 0 0 0.15873 0.57383 0.26273 0.0047176 0
0.85886 0 0 0 0 0.15605 0.57265 0.26631 0.0049889 0
0.85986 0 0 0 0 0.1534 0.57142 0.26991 0.0052713 0
0.86086 0 0 0 0 0.15076 0.57014 0.27354 0.0055651 0
0.86186 0 0 0 0 0.14815 0.5688 0.27718 0.0058705 0
0.86286 0 0 0 0 0.14556 0.56741 0.28084 0.0061878 0
0.86386 0 0 0 0 0.143 0.56597 0.28452 0.0065174 0
0.86486 0 0 0 0 0.14046 0.56447 0.28821 0.0068595 0
0.86587 0 0 0 0 0.13794 0.56293 0.29192 0.0072145 0
0.86687 0 0 0 0 0.13544 0.56133 0.29565 0.0075826 0
0.86787 0 0 0 0 0.13296 0.55968 0.2994 0.0079642 0
0.86887 0 0 0 0 0.13051 0.55797 0.30316 0.0083596 0
0.86987 0 0 0 0 0.12809 0.55622 0.30693 0.0087692 0
0.87087 0 0 0 0 0.12568 0.55441 0.31072 0.0091931 0
0.87187 0 0 0 0 0.1233 0.55255 0.31452 0.0096319 0
0.87287 0 0 0 0 0.12094 0.55064 0.31834 0.010086 0
0.87387 0 0 0 0 0.11861 0.54867 0.32216 0.010555 0
0.87487 0 0 0 0 0.11629 0.54666 0.32601 0.01104 0
0.87588 0 0 0 0 0.11401 0.54459 0.32986 0.011542 0
0.87688 0 0 0 0 0.11174 0.54248 0.33372 0.01206 0
0.87788 0 0 0 0 0.1095 0.54031 0.33759 0.012594 0
0.87888 0 0 0 0 0.10728 0.53809 0.34148 0.013146 0
0.87988 0 0 0 0 0.10509 0.53582 0.34537 0.013716 0
0.88088 0 0 0 0 0.10292 0.53351 0.34927 0.014304 0
0.88188 0 0 0 0 0.10077 0.53114 0.35318 0.01491 0
0.88288 0 0 0 0 0.098649 0.52872 0.3571 0.015535 0
0.88388 0 0 0 0 0.09655 0.52625 0.36102 0.016179 0
0.88488 0 0 0 0 0.094474 0.52373 0.36495 0.016842 0
0.88589 0 0 0 0 0.092423 0.52117 0.36888 0.017526 0
0.88689 0 0 0 0 0.090395 0.51855 0.37282 0.01823 0
0.88789 0 0 0 0 0.088392 0.51589 0.37676 0.018955 0
0.88889 0 0 0 0 0.086412 0.51318 0.38071 0.019701 0
0.88989 0 0 0 0 0.084456 0.51042 0.38466 0.020468 0
0.89089 0 0 0 0 0.082524 0.50761 0.38861 0.021258 0
0.89189 0 0 0 0 0.080616 0.50475 0.39256 0.02207 0
0.89289 0 0 0 0 0.078733 0.50185 0.39651 0.022906 0
0.89389 0 0 0 0 0.076873 0.4989 0.40046 0.023764 0
0.89489 0 0 0 0 0.075037 0.49591 0.40441 0.024647 0
0.8959 0 0 0 0 0.073226 0.49286 0.40836 0.025554 0
0.8969 0 0 0 0 0.071438 0.48978 0.4123 0.026485 0
0.8979 0 0 0 0 0.069675 0.48664 0.41624 0.027442 0
0.8989 0 0 0 0 0.067935 0.48347 0.42017 0.028425 0
0.8999 0 0 0 0 0.06622 0.48024 0.4241 0.029434 0
0.9009 0 0 0 0 0.064529 0.47698 0.42802 0.030469 0
0.9019 0 0 0 0 0.062862 0.47367 0.43194 0.031532 0
0.9029 0 0 0 0 0.061219 0.47031 0.43585 0.032623 0
0.9039 0 0 0 0 0.0596 0.46692 0.43974 0.033742 0
0.9049 0 0 0 0 0.058005 0.46348 0.44363 0.03489 0
0.90591 0 0 0 0 0.056434 0.45999 0.44751 0.036067 0
0.90691 0 0 0 0 0.054887 0.45647 0.45137 0.037273 0
0.90791 0 0 0 0 0.053364 0.45291 0.45522 0.038511 0
0.90891 0 0 0 0 0.051866 0.4493 0.45905 0.039779 0
0.90991 0 0 0 0 0.050391 0.44566 0.46287 0.041078 0
0.91091 0 0 0 0 0.04894 0.44197 0.46668 0.04241 0
0.91191 0 0 0 0 0.047513 0.43825 0.47047 0.043774 0
0.91291 0 0 0 0 0.046109 0.43448 0.47423 0.045172 0
0.91391 0 0 0 0 0.04473 0.43068 0.47798 0.046603 0
0.91491 0 0 0 0 0.043374 0.42685 0.48171 0.048068 0
0.91592 0 0 0 0 0.042042 0.42297 0.48542 0.049569 0
0.91692 0 0 0 0 0.040734 0.41906 0.4891 0.051105 0
0.91792 0 0 0 0 0.03945 0.41511 0.49276 0.052677 0
0.91892 0 0 0 0 0.038188 0.41113 0.49639 0.054286 0
0.91992 0 0 0 0 0.036951 0.40712 0.5 0.055933 0
0.92092 0 0 0 0 0.035737 0.40307 0.50358 0.057617 0
0.92192 0 0 0 0 0.034546 0.39898 0.50713 0.05934 0
0.92292 0 0 0 0 0.033378 0.39487 0.51065 0.061103 0
0.92392 0 0 0 0 0.032234 0.39072 0.51414 0.062906 0
0.92492 0 0 0 0 0.031113 0.38654 0.5176 0.064749 0
0.92593 0 0 0 0 0.030015 0.38233 0.52102 0.066633 0
0.92693 0 0 0 0 0.02894 0.37809 0.52441 0.06856 0
0.92793 0 0 0 0 0.027887 0.37383 0.52776 0.07053 0
0.92893 0 0 0 0 0.026858 0.36953 0.53107 0.072542 0
0.92993 0 0 0 0 0.025851 0.36521 0.53434 0.074599 0
0.93093 0 0 0 0 0.024867 0.36086 0.53757 0.076701 0
0.93193 0 0 0 0 0.023905 0.35649 0.54076 0.078849 0
0.93293 0 0 0 0 0.022965 0.35209 0.5439 0.081043 0
0.93393 0 0 0 0 0.022048 0.34766 0.547 0.083284 0
0.93493 0 0 0 0 0.021153 0.34322 0.55006 0.085573 0
0.93594 0 0 0 0 0.02028 0.33875 0.55306 0.08791 0
0.93694 0 0 0 0 0.019429 0.33426 0.55601 0.090297 0
0.93794 0 0 0 0 0.018599 0.32975 0.55892 0.092734 0
0.93894 0 0 0 0 0.017791 0.32522 0.56177 0.095222 0
0.93994 0 0 0 0 0.017005 0.32067 0.56456 0.097762 0
0.94094 0 0 0 0 0.016239 0.31611 0.5673 0.10035 0
0.94194 0 0 0 0 0.015495 0.31153 0.56998 0.103 0
0.94294 0 0 0 0 0.014772 0.30693 0.5726 0.1057 0
0.94394 0 0 0 0 0.014069 0.30232 0.57516 0.10846 0
0.94494 0 0 0 0 0.013387 0.29769 0.57765 0.11127 0
0.94595 0 0 0 0 0.012726 0.29306 0.58008 0.11414 0
0.94695 0 0 0 0 0.012085 0.28841 0.58245 0.11706 0
0.94795 0 0 0 0 0.011464 0.28375 0.58474 0.12005 0
0.94895 0 0 0 0 0.010863 0.27908 0.58697 0.12309 0
0.94995 0 0 0 0 0.010281 0.27441 0.58912 0.12619 0
0.95095 0 0 0 0 0.0097192 0.26972 0.5912 0.12936 0
0.95195 0 0 0 0 0.0091765 0.26504 0.5932 0.13259 0
0.95295 0 0 0 0 0.0086528 0.26035 0.59512 0.13588 0
0.95395 0 0 0 0 0.0081479 0.25565 0.59697 0.13923 0
0.95495 0 0 0 0 0.0076616 0.25096 0.59873 0.14265 0
0.95596 0 0 0 0 0.0071937 0.24626 0.60041 0.14614 0
0.95696 0 0 0 0 0.006744 0.24156 0.602 0.14969 0
0.95796 0 0 0 0 0.0063121 0.23687 0.6035 0.15332 0
0.95896 0 0 0 0 0.0058978 0.23218 0.60491 0.15701 0
0.95996 0 0 0 0 0.0055009 0.2275 0.60623 0.16077 0
0.96096 0 0 0 0 0.0051212 0.22282 0.60746 0.1646 0
0.96196 0 0 0 0 0.0047582 0.21815 0.60859 0.1685 0
0.96296 0 0 0 0 0.0044118 0.21349 0.60962 0.17248 0
0.96396 0 0 0 0 0.0040817 0.20884 0.61055 0.17653 0
0.96496 0 0 0 0 0.0037676 0.2042 0.61137 0.18066 0
0.96597 0 0 0 0 0.0034691 0.19958 0.61209 0.18487 0
0.96697 0 0 0 0 0.003186 0.19497 0.6127 0.18915 0
0.96797 0 0 0 0 0.0029179 0.19038 0.6132 0.19351 0
0.96897 0 0 0 0 0.0026646 0.1858 0.61358 0.19795 0
0.96997 0 0 0 0 0.0024257 0.18125 0.61386 0.20247 0
0.97097 0 0 0 0 0.0022009 0.17672 0.61401 0.20707 0
0.97197 0 0 0 0 0.0019898 0.17221 0.61404 0.21176 0
0.97297 0 0 0 0 0.0017921 0.16773 0.61395 0.21653 0
0.97397 0 0 0 0 0.0016074 0.16327 0.61373 0.22139 0
0.97497 0 0 0 0 0.0014353 0.15885 0.61339 0.22633 0
0.97598 0 0 0 0 0.0012755 0.15445 0.61291 0.23137 0
0.97698 0 0 0 0 0.0011276 0.15009 0.6123 0.23649 0
0.97798 0 0 0 0 0.00099127 0.14576 0.61155 0.2417 0
0.97898 0 0 0 0 0.000866 0.14146 0.61067 0.24701 0
0.97998 0 0 0 0 0.00075142 0.13721 0.60964 0.2524 0
0.98098 0 0 0 0 0.00064713 0.13299 0.60846 0.2579 0
0.98198 0 0 0 0 0.0005527 0.12882 0.60714 0.26349 0
0.98298 0 0 0 0 0.00046769 0.12469 0.60567 0.26917 0
0.98398 0 0 0 0 0.00039166 0.1206 0.60405 0.27496 0
0.98498 0 0 0 0 0.00032416 0.11657 0.60226 0.28084 0
0.98599 0 0 0 0 0.00026474 0.11258 0.60032 0.28683 0
0.98699 0 0 0 0 0.00021292 0.10865 0.59822 0.29292 0
0.98799 0 0 0 0 0.00016821 0.10477 0.59595 0.29911 0
0.98899 0 0 0 0 0.00013015 0.10095 0.59351 0.30541 0
0.98999 0 0 0 0 9.8223e-05 0.097185 0.5909 0.31182 0
0.99099 0 0 0 0 7.1926e-05 0.093483 0.58811 0.31834 0
0.99199 0 0 0 0 5.0743e-05 0.089844 0.58514 0.32496 0
0.99299 0 0 0 0 3.4147e-05 0.086271 0.58199 0.3317 0
0.99399 0 0 0 0 2.16e-05 0.082767 0.57866 0.33855 0
0.99499 0 0 0 0 1.2556e-05 0.079333 0.57514 0.34552 0
0.996 0 0 0 0 6.4579e-06 0.075972 0.57143 0.3526 0
0.997 0 0 0 0 2.7367e-06 0.072686 0.56752 0.3598 0
0.998 0 0 0 0 8.1453e-07 0.069479 0.56341 0.36711 0
0.999 0 0 0 0 1.0228e-07 0.066352 0.55909 0.37455 0
1 0 0 0 0 0 0.063308 0.55457 0.38212 0
